53360
88128
5952024
149848
9910928
9315624
5899136
9886480
256224
16869952
15888976
9979744
16361136
15846736
9519200
14478320
9266080
9980624
9527328
14565936
9836608
16793152
440352
28880160
27323584
17108608
27696160
27190176
16344512
24538144
15978208
16804832
16049472
24788352
16551552
27636416
27170720
16074048
23127968
15689312
16026304
14827552
23138112
15187808
24434560
15972320
14861728
14404736
14984416
17106304
15297088
14462720
15233152
16332064
24705152
15258496
23149568
14955296
16531200
16091104
23387520
16541312
28602400
