144072
247348
19299100
436008
33541072
31588624
22466936
33520800
777616
59510928
56420384
39856560
58271168
56332064
38006656
51682800
37173856
39749264
37959872
52267104
39177408
59426576
1396320
106570144
101479168
71591360
103295296
101357376
68581792
92187584
67306176
70521536
67444992
93482240
69538080
103233312
101172896
67339488
87594880
65811360
67261280
62759360
87347808
64072352
91942176
67076800
62683872
61197376
63464192
71151776
64437056
61468192
63915200
68219968
93280320
64590048
87615776
63529472
69253632
67266720
88692704
69075872
106244928
