106720
179564
12130512
311248
20535104
19150688
12556992
20529088
545728
35581888
33361824
21718992
34677376
33407040
20598640
30114880
20076784
21764080
20605504
30472928
21332048
35605696
962528
62132832
58536960
38063392
59941920
58574560
36212064
52248160
35451808
37584160
35604032
52946624
36760576
59967904
58695104
35540704
49191264
34671776
35680864
32756352
48983456
33499296
52319392
35558144
32803360
31823360
33138880
38198400
33797888
31908544
33540736
36304480
53043872
33761312
49225536
33093248
36838080
35558784
49697504
36538272
62212736
