106720
184232
11034016
327096
19005176
18067224
12000344
19020840
588752
33623696
32206624
21204672
32720592
32243440
20392464
29487280
20113408
21202672
20403792
29946496
20935696
33662592
1067872
60370944
57992416
38188544
57910496
58038336
36868896
52538304
36443968
37509792
36144864
53363264
37021856
57918176
58132384
36445728
50593760
35786816
36129664
34171296
50288544
34662048
52557088
36454176
34198624
33568032
34565536
38140032
34969120
33640288
34668320
36859008
53488032
35014176
50586368
34586752
37045504
36424768
51102432
37172960
60369376
