106720
180756
12126892
315120
20564816
19269376
12526960
20577688
557200
35809760
33745280
21710288
34901664
33818672
20625360
30514768
20172592
21755728
20630784
30877552
21292448
35823776
993248
63060736
59716512
38233856
60696224
59827456
36457024
53260768
35851680
37697984
35760768
54145088
36876960
60641952
59915520
35797536
50486048
35023552
35867488
33115744
50320320
33793024
53460448
35955648
33130592
32265280
33600224
38341600
34112640
32446048
33817888
36571648
54308448
34072576
50404672
33571392
36974336
35760672
51155264
36748096
63064096
