106720
180696
13560080
314496
23239536
21788728
15024672
23233384
555024
40751232
38477904
26269712
39862208
38475808
24956240
34990640
24388224
26296576
24963696
35396560
25797296
40757328
985472
72228128
68461696
46577408
69827008
68440992
44469408
61693248
43618784
45974624
43689184
62529504
45075168
69871648
68480992
43672704
58424704
42667808
43737440
40412288
58221952
41281088
61716832
43683520
40446176
39354592
40947232
46684672
41637024
39515424
41293152
44527680
62566208
41636288
58453696
40923456
45129600
43665536
59110432
44847296
72214592
