106720
179884
13002308
313000
22063520
20782616
13730992
22076024
552032
38447360
36403088
23789872
37427328
36499872
22701408
33118848
22162800
23880464
22724864
33420384
23448544
38522384
980256
67823872
64392960
41948064
65127808
64477568
40152320
57898272
39341856
41374976
39417728
58553312
40643520
65260224
64670560
39653536
55016928
38685312
39524288
36563008
54829568
37403392
58055392
39550560
36624800
35575584
37034464
42268704
37713024
35754528
37470912
40376416
58693344
37622272
54950656
36959360
40731520
39620320
55583776
40740800
67918976
