106720
181008
12686900
316808
21624888
20339712
13132392
21639176
561888
37945776
35897760
22955264
36894240
35852832
21862768
32591792
21363040
22895248
21839504
33051056
22609456
37921712
1005824
67412096
64099264
40934656
64792800
63929408
39117440
57530496
38345632
40089920
38301824
58468320
39599424
64679552
63991104
38554656
54762848
37562688
38244704
35623296
54505024
36432544
57456512
38230816
35585888
34693920
36061664
40682720
36684832
34832864
36329632
38949344
58423296
36814048
54812960
36134304
39507328
38520448
55536704
39692960
67349280
