106720
184000
13290720
325528
23100112
21930888
15488392
23108528
581552
41009904
39077632
27462272
40125264
39136000
26379328
36072432
25868752
27482592
26355424
36459104
27107088
41043632
1047200
73415200
70370944
49362688
71210784
70345920
47496832
64191808
46782400
48732544
46775776
65112096
48037760
71219424
70466592
46880960
61505504
45940576
46831072
43965952
61317504
44750016
64264320
46792448
43943424
42998592
44437536
49358624
45046720
43152320
44698528
47465888
65149856
45070816
61440800
44446464
48034272
46816864
62192448
47938272
73477216
