106720
179912
12905876
312416
21906168
20563984
14125744
21967216
549232
38114688
35991584
24607344
37225088
36087600
23412272
32639280
22932432
24661712
23428768
33090800
24178368
38251792
970880
66992256
63519904
43495392
64770464
63632256
41513056
56982816
40823200
42977696
40841856
57805312
42031136
64767776
63767232
40779712
54120512
39877856
40929184
37917152
53761856
38599360
57181600
40921120
37904256
36972832
38331264
43576736
38951072
37060128
38596704
41623200
58041344
38949440
54037920
38336864
42146400
40758432
54632064
41762560
67261120
