106720
176164
11901980
300032
19701992
18220312
11496408
19666208
517872
33395664
31082560
19379616
32434080
31126384
18220864
27680272
17751648
19360176
18191552
28074128
18880480
33333648
898080
57126720
53390240
33105152
54711520
53441504
31231744
46844416
30613568
32517440
30550816
47697568
31654656
54720416
53437152
30447296
43814176
29634976
30566240
27818304
43590624
28504704
46893504
30622624
27793312
26966432
28225472
33028416
28693472
27133312
28420160
31186208
47750336
28777152
43735040
28243840
31619008
30340032
44456800
31333920
56984800
