106720
175304
12284604
298760
20371104
18962848
11629520
20422160
518848
34886768
32720848
19755072
33911776
32794656
18677216
29276608
18197056
19845440
18718688
29653984
19429248
35030512
908416
60580000
57043104
34199936
57972960
57121632
32547488
50422912
31836352
33701504
31823936
51200704
32983872
58079712
57285120
32009472
47520224
31126336
31910976
29168544
47296864
29887392
50552896
31975616
29239520
28335520
29676064
34525568
30302400
28490464
30019552
32755008
51327680
30176800
47497280
29601792
33152256
32066880
48215904
33105664
60961088
