106720
179444
13047200
311296
22164776
20786384
13738232
22171336
546512
38634992
36454288
23858848
37564272
36403712
22640768
32959728
22096448
23791040
22633200
33369216
23418928
38603952
965792
68103008
64493824
42192544
65439200
64362432
40176096
57640544
39366528
41329824
39341856
58488736
40656992
65349632
64330752
39371104
54532992
38393600
39239520
36330752
54269984
37153184
57571872
39187360
36269280
35297760
36738368
41878592
37386496
35457888
37069504
39970208
58419456
37481824
54542240
36812928
40527776
39362688
55211552
40503488
67899968
