106720
176608
13384880
302640
22447944
21010248
13923448
22463744
526672
38761280
36584880
23948624
37644800
36643360
22720624
32861584
22236544
24023072
22740256
33425152
23553696
38872544
924640
67749408
64398624
41948032
65026816
64499968
39988832
57119488
39380576
41353344
39195104
58258656
40479200
65173440
64640448
39380160
54248288
38450688
39309504
36232000
53845408
36920064
57252512
39512352
36289728
35302144
36873504
42347808
37501664
35472032
37079456
40242656
58313472
37339968
54260864
36804832
40678144
39494944
55133280
40614848
68289952
