106720
187096
14365492
337064
25580304
24542176
18260264
25557592
613840
46502400
44862656
33316528
45612272
44825824
32308464
42046768
31823808
33286128
32302240
42300832
32965104
46517040
1123936
85256512
82475616
61445568
82934624
82450144
59847776
76910240
59044544
60799744
59068608
77434688
60210368
83030400
82544224
59235776
74264800
58350240
59053344
56427328
74179168
57209248
76846144
59060256
56442528
55525344
56757632
61480800
57430240
55601568
57184640
59792864
77464288
57491584
74321824
56779264
60177312
59227648
74679968
60201472
85325600
