106720
177860
12279364
306080
20607264
19165568
12377656
20544960
533600
35568064
33315424
21295312
34407216
33205936
20097392
29777216
19613360
21143536
20039552
30260304
20803008
35366624
937056
62062688
58497600
37291200
59193312
58236128
35330880
51567840
34660256
36310688
34489856
52583520
35736896
59027104
58075136
34519424
48570752
33634144
34296896
31709344
48346048
32442912
51308800
34406528
31633728
30812064
32153248
36751552
32655904
30978112
32291584
34972768
52383104
32818976
48585568
32241408
35474624
34443424
49413984
35563008
61532128
