106720
182504
12939552
321776
22401088
21198856
14352608
22397736
574672
39699680
37836144
25405296
38759344
37779504
24348976
34716416
23901600
25379312
24359072
35104000
25026048
39692432
1033888
71134176
68063040
45627040
68612384
67957632
43935968
61894784
43291328
44914080
43170048
62791904
44317984
68600864
67871872
43217760
59084864
42418560
43052128
40469216
58935232
41172224
61712736
43149536
40482080
39618048
40977120
45447008
41518336
39797920
41193856
43791808
62563424
41483136
59138528
40942528
44179872
43246848
59836736
44242368
70953024
