80040
139028
10659692
246216
18684160
17806480
12859600
18678288
440032
33254320
31895648
22897408
32712144
31887440
22015664
29674960
21594624
22846128
21993984
29989648
22604672
33250704
791616
59615904
57468608
41176032
58276832
57479968
39755456
53219616
39105696
40715712
39255552
53800224
40241280
58289248
57411008
39250176
51146944
38455968
39142880
36937952
50924160
37576480
53119168
39005216
36936000
36150368
37232672
41053984
37846400
36205056
37595456
39671040
53719552
37858144
51178528
37255136
40169728
39288896
51519008
40121472
59768160
