80040
136300
9912640
238280
17036840
16133664
10965912
17027912
420560
29897408
28475856
19248336
29210096
28441936
18444544
26155120
18050592
19227200
18430544
26366592
18953264
29853712
745856
52791104
50519680
34136768
51057408
50478848
32859488
45968576
32296416
33668768
32297408
46475968
33157376
51035808
50417184
32303616
43713856
31681344
32261024
30197856
43705408
30796576
45852768
32222080
30192800
29467808
30493184
34026304
30917088
29613440
30754816
32721568
46423840
30979072
43729152
30517216
33099168
32276000
44198976
33046016
52665024
