37352
61064
4210760
101584
6855104
6486912
4327880
6863064
172368
11503728
10937216
7253120
11331408
10945936
6935168
10052848
6780608
7279808
6932960
10141408
7138624
11463424
291904
19397664
18501984
12231264
18848544
18432160
11725600
16884384
11499040
12091200
11572832
17094112
11916704
18744512
18497888
11663424
16182336
11387168
11672096
10865408
16132640
11101792
16961888
11603968
10881664
10586048
11010560
12306432
11182368
10642240
11107136
11810240
17177472
11176384
16180448
10993088
12004512
11647456
16380192
11966336
19335552
