69368
115144
8415140
197024
14143248
13269936
8610936
14085088
340560
24359056
22961856
14778928
23577760
22849488
14038576
20813824
13649552
14642256
13987024
21034960
14508080
24144784
593024
42350496
40146400
25809920
40561824
39880672
24592640
35969184
24003456
25129184
24015488
36402720
24854592
40379360
39711584
24096384
33976320
23428192
23854784
22178752
33842272
22751232
35717600
23771808
22097600
21510304
22356128
25359872
22796864
21602784
22626144
24285888
36207232
22928000
33992544
22445344
24644832
24060384
34415392
24833504
41816000
