69368
117088
8843904
203272
15122968
14373784
10301752
15112064
358368
26453600
25355088
18020480
25888080
25364736
17324928
23331072
17034592
18047024
17330080
23626640
17801680
26504976
633280
46720960
44895488
31868288
45091712
44858496
30781216
41084896
30324992
31452032
30320672
41588992
31090496
45200992
44885248
30432736
39440128
29815904
30259232
28529568
39160640
28965248
40931936
30315328
28580768
27972832
28837728
31925408
29263200
27991488
29019072
30755744
41460160
29203744
39434912
28784224
31025920
30427904
39709984
31066080
46781184
