69368
115160
7159292
197104
11919216
11137296
6865272
11902368
341728
20393168
19169920
11725760
19810768
19182880
11160432
17306864
10904192
11730448
11159664
17561008
11554512
20361104
596224
35228992
33330912
20356736
33799648
33286624
19447360
29697024
19104480
20012800
19071424
30286208
19729088
33790720
33361376
19192192
28187456
18711776
19080352
17698112
28064256
18085824
29719168
19092544
17693408
17234848
17976320
20374848
18277152
17337440
18092000
19467488
30269824
18254304
28174208
17971296
19731488
19195104
28683904
19784384
35224416
