69368
113728
8482948
192760
14104240
13253256
8789088
14141496
331648
24060960
22792128
14932656
23521312
22899760
14263024
20665024
13964704
15111408
14336816
20852992
14752736
24318160
575968
41529216
39553184
25758112
40136864
39824704
24749120
35491488
24360032
25712256
24401504
35956992
25081760
40435136
40108064
24480192
33642688
24016352
24601216
22627744
33633024
23066272
35685440
24712352
22773728
22087328
23056576
26487072
23453120
22239168
23312672
25183616
36201984
23214112
33675520
22918592
25383104
24600096
34110720
25206656
42214976
