69368
112024
8102548
187560
13164408
12235784
7496568
13185712
319328
22027696
20689376
12433456
21362640
20691616
11715888
18366080
11409072
12475776
11728128
18690048
12217968
22128480
547392
37429152
35326432
21068640
35621344
35286080
19988000
30941792
19542656
20669632
19489184
31596448
20282464
35747808
35370368
19619104
29106304
19048288
19474304
17762464
28937184
18215136
30866880
19565216
17804352
17229760
18124224
21221056
18527200
17318560
18290560
20029280
31515136
18454400
29158784
18080544
20300640
19684448
29620704
20360512
37669888
