69368
113316
8730044
190824
14365264
13383216
8732880
14383944
326480
24233696
22801920
14666480
23653152
22814096
13808944
20408960
13468640
14681344
13825120
20805776
14399824
24312800
567680
41740544
39490944
25235360
40118432
39504864
23923104
34940928
23391232
24825504
23430176
35699648
24386144
40214528
39560832
23525600
33027584
22801440
23420928
21409920
32810528
21961664
34919520
23383392
21435488
20770656
21821792
25239520
22229920
20880384
21944960
23869408
35682464
22249312
33015488
21797184
24329792
23465984
33624416
24313376
41726976
