69368
114080
8019364
193664
13311400
12441168
7969320
13340472
332832
22658592
21347344
13575552
22109744
21340368
12876224
19231936
12557616
13568928
12886176
19480704
13351616
22764304
576512
38946464
36945472
23481632
37609984
36960480
22386016
32928480
21952256
23124160
21982816
33461472
22713536
37689728
37038176
22000800
31043584
21470208
21968032
20255968
30958560
20714880
32930752
21921088
20259712
19673728
20518080
23495968
20906912
19763872
20728448
22366176
33488000
20897760
31108640
20528672
22722528
22049056
31488864
22673728
39262816
