69368
112564
7868376
189480
12950088
12045664
7553888
12954088
323424
21959696
20592064
12777328
21304672
20613936
12084112
18411744
11794320
12816944
12107472
18693120
12570720
22008368
556992
37560896
35508416
21960960
36108800
35590240
20907648
31382368
20533408
21699776
20505216
31918368
21204992
36187744
35653600
20564064
29596416
20067104
20546944
18818720
29428608
19202688
31483360
20622208
18869696
18305216
19144800
22206944
19547328
18377408
19337536
21090016
31999072
19416320
29626496
19098112
21330048
20665760
29977696
21244672
37888288
