69368
114568
7553644
195840
12527656
11769432
7587584
12562216
339520
21455216
20248240
12962448
20832416
20279168
12347488
18320272
12050096
12983984
12354272
18474544
12751248
21517776
591712
37200128
35200448
22614976
35620704
35137152
21592832
31462592
21135456
22179264
21153568
31772224
21802304
35623232
35233536
21252000
29775680
20708352
21166592
19615712
29654912
20067232
31492608
21131936
19619584
19084352
19804288
22601376
20177696
19151552
20053376
21584864
31799488
20201088
29771104
19816128
21811872
21230464
30059200
21838144
37237984
