69368
115768
8678024
197904
14657456
13746240
9468600
14652760
341312
25297760
23815536
16351648
24675920
23736912
15515232
21672048
15144768
16252064
15495456
21982112
16053440
25158912
593120
44115840
41727104
28721568
42619968
41510688
27294944
37542560
26736576
28096032
26818688
38104768
27722432
42383904
41388128
26797312
35584352
26053280
26695200
24815552
35348352
25397280
37404192
26563264
24747968
24129408
25072896
28252992
25464640
24242912
25242880
27026496
38071232
25668512
35592448
25187488
27565184
26705504
36126624
27570400
43566496
