69368
114740
7872944
195728
13080320
12265752
7993984
13125168
338208
22339408
21082752
13640160
21846368
21166608
13001744
19112400
12690864
13739984
13034496
19305248
13466384
22541936
589024
38679424
36714432
23759136
37355584
36735264
22742080
32932000
22286144
23516640
22373952
33362848
23077536
37547520
36927040
22452096
31164256
21926848
22445984
20713760
31082464
21163296
33004608
22394400
20781856
20171008
21033568
24061248
21436448
20259360
21274208
22915936
33387136
21313504
31186272
20953600
23193024
22508096
31589760
23136576
39128096
