69368
117268
8779720
203888
15095496
14306088
10015944
15082320
357232
26497088
25160544
17582624
25889888
25163328
16891776
23274928
16508032
17597072
16893408
23407568
17365824
26432224
628928
46774816
44577280
31250368
45408352
44544128
30074752
40832672
29493056
30896352
29638208
41186112
30447040
45312032
44559680
29674592
38942432
29046976
29694400
27765248
38903808
28356128
40878816
29526560
27762976
27081312
28024128
31289536
28508864
27220736
28386080
30126144
41219392
28461088
38935104
28011744
30516992
29707360
39365824
30462688
46647648
