69368
113128
8847828
189928
14657704
13670784
9179040
14616944
321856
24782256
23239200
15524976
24096240
23173504
14685616
20989632
14302144
15415456
14651712
21286432
15213392
24627744
549408
42260192
39885824
26650848
40662688
39713152
25276928
35565184
24730528
26071040
24806432
36177792
25686656
40518592
39591872
24736608
33535968
24045344
24653600
22827648
33388256
23382240
35433056
24514176
22725920
22132864
23034912
26245600
23473184
22234464
23261152
25043488
36032000
23593344
33518624
23134336
25502816
24708608
34077312
25518656
41815392
