69368
116944
9729288
202312
16658048
15815976
11117576
16654840
352976
29050576
27672512
19397968
28439664
27632192
18600224
25579312
18155424
19329152
18567408
25726576
19109248
29037120
620832
50936320
48857600
34230880
49614208
48740128
32887968
44715200
32274240
33770240
32446208
45105408
33300736
49620992
48753472
32372032
42543456
31703296
32351200
30305728
42505248
30923168
44609184
32139712
30269056
29523744
30525696
34070496
31028704
29643808
30894272
32765664
45010400
31071232
42571360
30569824
33221088
32379552
42962784
33170400
51033536
