69368
114408
7404424
194000
12249744
11395808
7203592
12235096
334448
20783296
19540416
12212944
20211296
19490720
11543936
17439040
11294704
12193008
11548544
17740768
11962816
20752672
581568
35750400
33796960
21026976
34190592
33712192
19988416
29780672
19648032
20629344
19581632
30377056
20241280
34177984
33702176
19589760
28080576
19135904
19547552
18047776
27946016
18415232
29732736
19610688
18038400
17560256
18293600
20975360
18628640
17625984
18432160
19953536
30343008
18603936
28105792
18299200
20214272
19628800
28457152
20157984
35671296
