69368
115952
8591204
199816
14506144
13684840
9226112
14519736
348160
25011312
23765376
15874592
24433984
23807776
15194256
21678176
14886080
15951504
15220640
21920592
15663216
25114720
611200
43491552
41562560
27634464
42046240
41639776
26554624
37447904
26139840
27404992
26150272
38049024
26897216
42172768
41755936
26205408
35691552
25699008
26256128
24432384
35638784
24899232
37613248
26272352
24433472
23834304
24748224
27932160
25131520
23960928
24940992
26737824
38116256
25045760
35684000
24704480
27002848
26245152
36155840
26896800
43838272
