69368
114200
7758828
195512
12847256
12076592
7718856
12827712
338752
21920880
20701424
13093616
21203440
20685936
12489952
18719312
12186448
13111104
12500864
18850320
12886192
21911840
592064
37804512
35923360
22623936
36097504
35865504
21652448
31970784
21257152
22247872
21233024
32409568
21869728
36157632
35973568
21317120
30188544
20884000
21246688
19673984
30264736
20130528
31954752
21316512
19725088
19153280
19968320
22760384
20285472
19301440
20190688
21722880
32401536
20241376
30222272
19934752
21904384
21348416
30647072
21928576
37806848
