69368
114520
7612624
195648
12570632
11798624
7305984
12589240
339024
21402544
20176704
12387904
20758944
20215488
11789776
18202080
11505472
12403680
11798576
18389632
12197840
21440464
591776
36932896
34956928
21457408
35324352
34908800
20483264
31105472
20082400
21051104
20055872
31521472
20705088
35329728
34990272
20198176
29471264
19685568
20065056
18576000
29309056
18980096
31165120
20070432
18571584
18053280
18776224
21456960
19142560
18102144
18980544
20505920
31500288
19117920
29420448
18758880
20696064
20175168
29733824
20751360
36937984
