69368
117296
9875552
204720
16973096
16213336
11430112
17021488
361216
29845248
28608832
19993968
29261200
28721856
19290864
26616480
18902240
20126256
19340720
26780960
19837392
30022112
640672
52836224
50848096
35457088
51330400
50974848
34275072
46854016
33699616
35149632
33822272
47273184
34656896
51507168
51257376
34047264
45030816
33415328
33951904
31825920
45048416
32446592
47032544
33940544
31936064
31116128
32264448
35935712
32775904
31310624
32645408
34612544
47463136
32590240
45033312
32158080
34891136
34136128
45544192
34919392
53369856
