69368
112760
8519692
189624
14082504
13116104
8717944
14083784
324192
23920288
22458960
14821760
23292096
22493872
14036032
20218384
13703088
14815552
14024576
20516912
14536960
23928880
556192
41069600
38667488
25570048
39503168
38690240
24328448
34519968
23794304
25152160
23856352
34952800
24662912
39486912
38749856
23899680
32672448
23232288
23875008
22030272
32373152
22514976
34576288
23815808
22006784
21423712
22218720
25587616
22712288
21433664
22491488
24327776
35050880
22725920
32625920
22238720
24675488
23881248
32872384
24586464
41163584
