69368
112868
8103384
189936
13361112
12446112
8080072
13347064
325792
22665824
21324016
13751904
22068528
21351776
13030288
19117808
12730704
13756384
13025728
19386880
13486768
22697056
562944
38997184
36835744
23787296
37412544
36894144
22652032
32703616
22227424
23428192
22234080
33250720
22971616
37523328
36994944
22313440
30962592
21747520
22281664
20571072
30799072
21011552
32841088
22310624
20541088
20005632
20838080
23885312
21185344
20098880
20978528
22748800
33354144
21203232
30944768
20853024
23015360
22301472
31395296
22951680
39144128
