69368
114532
9033916
195192
15090600
14246920
9329456
15141592
337360
25956544
24604800
15908928
25348192
24683552
15178464
22430848
14795664
16019136
15210800
22591264
15696896
26062752
586688
45058240
42888864
27644000
43612032
42934368
26421568
38681120
25843648
27348288
25976192
39016032
26760576
43650048
43056096
26092672
36712832
25446784
26110208
24033216
36611776
24599648
38880832
26012416
24056448
23332896
24285632
27955328
24813088
23423552
24676672
26686144
39163872
24726368
36710592
24249728
26962464
26148736
37068512
26876864
45304128
