69368
116056
8712276
200288
14712680
13877344
9284928
14775296
349808
25505728
24174608
16042368
24894128
24196432
15328800
22122832
14973872
16102016
15373088
22375264
15873504
25620816
613984
44619872
42436096
28172608
43112000
42392960
26991072
38458208
26438432
27813824
26571456
38881600
27365152
43116864
42500192
26630496
36635040
26011328
26595744
24733632
36472800
25259456
38494656
26490688
24751488
24100384
24989120
28298944
25523392
24165664
25348320
27105312
38941792
25440832
36637248
24972224
27468992
26716416
36981408
27426208
44837952
