69368
114356
8987088
195056
15061496
14166640
9321720
15061712
336976
25934912
24525920
15983584
25196656
24522032
15204848
22267616
14839872
15962912
15195024
22545856
15732816
25899168
587072
45201376
42948256
27964000
43394752
42896544
26701408
38504032
26148032
27437088
26132800
39094336
27021824
43354976
42919968
26301792
36645664
25595776
26120800
24217152
36429504
24763872
38549920
26146208
24189312
23559168
24489600
27892416
24971456
23622688
24727840
26683584
39118656
25000768
36636832
24506272
26996224
26282176
37060000
27077088
45071136
