69368
118228
9227956
207280
15990656
15233568
10623112
16009312
366912
28346016
27070576
18793616
27760272
27092352
18091168
25161728
17702896
18829376
18106400
25345856
18617344
28346752
653376
50644480
48556416
33746016
49261696
48476448
32529664
44750560
31892768
33360288
32103008
45088160
32956640
49194688
48572096
32233152
42940544
31506336
32141408
30179104
42794432
30798912
44780960
31939680
30186048
29466304
30407488
33784128
30969440
29536800
30806432
32594688
45134720
30968832
42932032
30414240
33015552
32242208
43292576
33055456
50581664
