69368
115972
8205888
199248
13862176
13051248
9347064
13795456
344032
23834944
22510224
16150048
23221904
22447808
15443056
20726800
15147680
16092912
15424544
20827552
15804096
23659664
599200
41174592
39206912
28199200
40026528
39089024
26997408
35732608
26628992
27865984
26693792
36048640
27281120
39909984
39026080
26411040
33853632
26005568
26665056
24998976
33927168
25421472
35709824
26615872
24989152
24474304
25199232
28062464
25491904
24594720
25402784
26978784
36015168
25521280
33874656
25221152
27237600
26417184
34202592
26935712
40873632
