69368
116384
8726360
200328
14754800
13922000
9653256
14743168
348432
25447136
24154000
16662432
24870064
24139648
15907200
22095712
15539456
16582656
15837552
22326832
16347888
25391152
610976
44514368
42392768
29284256
43003776
42247008
28045376
38445184
27460576
28720128
27478528
38872320
28330240
42936704
42182848
27482496
36457120
26817056
27385600
25587808
36368640
26176928
38265312
27258368
25480192
24893664
25759456
28837056
26075040
25006016
25905280
27662624
38727264
26354560
36446048
25872864
28074176
27303232
36838272
28056640
44028736
