85376
144272
9962540
250392
16909664
15955208
10532312
16948872
442352
29452864
28069072
18346992
28870256
28116976
17512112
25556752
17204288
18401184
17568160
25835984
18030272
29667328
788480
52134560
49878624
32529184
50401952
49999904
31267200
45117952
30815040
32157728
30766464
45728288
31559104
50619776
50032992
30733472
42856704
30142880
30714112
28649760
42708640
29141280
45037184
30817760
28742688
28043008
29040256
32720096
29495936
28135232
29287584
31349216
45601088
29351040
42879136
28949248
31556064
30798336
43276992
31461056
52564864
