85376
138832
9200244
235112
15229184
14053920
8737000
15190184
403152
25956768
24088768
14908624
25095520
24066048
14063920
21529072
13657584
14880752
14053376
21846432
14642960
25864096
696032
44642016
41666368
25889216
42763392
41616768
24500800
36801760
23913376
25423968
24019456
37375232
24937568
42739936
41609792
24024064
34508160
23312544
24005696
21970528
34284736
22542720
36835648
23890144
21921088
21248128
22222496
25817056
22713856
21341184
22498112
24479648
37358816
22733376
34501120
22245248
24911328
24022368
34946720
24823648
44553856
