85376
143732
9588944
247600
16192648
15121128
9794936
16195864
430976
27794976
26152784
16790448
27253248
26194912
15949728
23750240
15588384
16838832
15954608
24060704
16492544
27875184
753408
47999424
45387424
28991520
46599840
45505696
27679680
40856256
27174368
28777504
27277952
41441760
28108480
46731552
45673408
27193312
38704160
26583360
27382752
25257760
38530528
25748576
40974976
27323968
25307680
24643840
25606080
29303616
26088064
24721184
25862880
27872320
41637728
25977024
38725728
25560064
28295552
27268736
39121696
27935840
48511200
