85376
141584
10157868
242760
17042480
15953272
10511640
17049416
423440
29412384
27733088
18108544
28620144
27772080
17206112
25039280
16775344
18111440
17181296
25333856
17795664
29402976
743744
51385856
48590656
31670112
49315520
48649440
30251680
43422304
29573216
31185952
29605920
44004672
30630784
49273280
48725056
29773952
41111648
28962560
29698560
27379520
40935904
28053920
43511840
29667680
27386592
26616288
27760672
31700192
28238144
26771840
28009152
30248800
44171584
28289152
41089440
27761504
30672736
29704576
41655840
30639008
51395648
