85376
143252
9555304
248504
16111968
15197752
9565888
16124936
436960
28040528
26584288
16590384
27241456
26614688
15843360
24176144
15503056
16598240
15840864
24432400
16330800
28072208
772960
49251776
46980768
29283968
47353696
46967968
28052384
42239136
27578112
28789280
27516608
42778944
28307072
47342816
47070016
27680992
40256000
27066336
27551296
25672672
40104448
26189952
42312416
27640448
25674528
25032096
25967424
29330368
26385280
25130816
26188608
28116736
42904320
26396640
40264896
25974944
28364352
27679488
40694336
28392256
49455488
