85376
139796
9423452
237984
15494008
14381608
8715616
15482136
410912
26259456
24549488
14598224
25402000
24566544
13774352
21849920
13390000
14661344
13807136
22117328
14351936
26323776
716288
45214176
42555744
25083616
43046656
42456352
23782272
37304000
23242048
24611200
23234720
37943328
24122624
43167904
42588544
23348608
34915936
22708544
23229344
21146944
34871104
21718816
37222400
23275232
21227040
20484960
21538112
25276640
22006176
20611040
21817120
23856864
37848800
21923424
34972416
21475616
24164448
23395680
35508480
24177216
45323936
