85376
143948
10872612
250544
18653440
17637952
11978192
18642392
442480
32784176
31219968
21061264
32005360
31244944
20221200
28687040
19811904
21118736
20244064
28983760
20835152
32827840
787296
58372416
55704544
37626912
56276384
55744704
36287968
50798496
35633440
37183616
35695616
51390528
36697856
56363776
55809984
35894944
48628800
35091136
35748096
33516896
48374944
34146304
50826496
35720512
33566272
32784480
33897216
37806528
34468704
32871264
34205696
36375424
51367232
34384576
48602304
33824896
36728256
35892000
49055008
36787392
58333344
