85376
143012
10671264
248128
18151568
17058088
11552376
18180128
436944
31700528
29996832
20115776
30905248
30020528
19204400
27364224
18755824
20157728
19206768
27710560
19856960
31767680
772160
56007872
53062432
35531520
53900800
53031776
34077184
48012736
33354496
35061504
33445312
48619072
34529632
53920000
53091104
33620928
45717056
32742400
33492352
31092032
45415168
31792992
48011360
33418592
31111520
30299360
31476704
35670624
32075296
30399168
31806496
34130432
48573088
32037664
45649600
31428448
34556448
33568192
46142784
34538464
56068896
