85376
138332
9585868
233176
15723256
14574616
8817712
15708552
400592
26706624
24959856
14903840
25778912
24977840
14039152
22164096
13660592
14897680
14030128
22603488
14661744
26654720
694208
46068768
43302400
25761344
43680512
43251264
24383776
37837408
23852064
25167040
23733216
38743008
24776960
43638624
43240064
24015264
35790784
23224192
23734528
21705408
35465280
22287328
37852032
23848960
21693248
21047424
22128512
25700352
22578144
21163168
22250976
24367040
38746336
22606688
35730080
22134752
24748064
23961856
36439296
24907168
45880160
