85376
139564
9237688
236528
15224096
14139552
9213328
15224616
406768
25848384
24144656
15588752
25125584
24202720
14743904
21603712
14400640
15686960
14780640
21882336
15302928
25905072
706272
44447392
41872736
26919968
42766080
41842688
25618176
37028768
25118688
26676032
25174624
37585120
26020672
42869024
41993056
25181216
34780032
24541120
25278720
23086816
34604896
23599328
37042464
25274016
23203392
22482400
23523712
27305024
23960256
22581792
23736320
25819584
37606400
23833632
34768544
23419104
26157600
25195648
35310368
25964608
44672928
