85376
141996
9400416
243800
15606816
14549208
9171064
15636952
424848
26665728
25067248
15621152
25934224
25061904
14761024
22415024
14411248
15615952
14774528
22720848
15293776
26751808
747136
46155584
43638016
27096064
44245504
43660640
25753440
38520736
25273792
26615680
25222912
39197248
26077472
44316576
43726528
25203296
36193728
24627232
25200320
23172736
36163648
23715232
38510208
25258752
23195744
22523680
23529280
27099168
23933152
22671520
23740288
25731968
39243584
23924160
36271520
23522112
26066240
25253888
36805120
25987392
46372096
