85376
140436
9330936
238560
15440624
14311792
8762456
15414128
410960
26259248
24496864
14810976
25425280
24477856
13954448
21871056
13575072
14758960
13921184
22229152
14510848
26166944
712032
45256736
42391584
25496832
43129088
42234496
24108224
37274496
23564224
24879136
23502880
38006592
24469024
42989152
42187808
23613536
35107200
22887008
23458880
21502784
34822560
22057216
37207200
23456160
21434368
20817824
21817216
25248960
22235008
20925152
21956064
23935648
37903168
22297152
35004448
21854720
24341504
23525472
35640608
24377248
44922432
