85376
143468
10618416
247920
18001120
16955480
11132000
18069880
433168
31257072
29659872
19291072
30556384
29755312
18361024
26953808
17981856
19368768
18397280
27332224
18996000
31487664
760256
54650816
52162240
33883872
52928128
52390240
32400256
46923936
31857920
33520352
31861216
47601824
32804384
53091552
52549216
31895232
44672800
31220512
31931360
29527008
44447616
30069472
47078592
32024032
29583168
28801696
29931808
34215424
30512992
28876640
30232992
32644800
47845728
30359168
44681888
29888928
32990400
32005824
45148864
32807008
55374240
