80040
133784
8138164
230496
13584776
12616600
7969808
13545992
402720
23271632
21790400
13625024
22575312
21744704
12889584
19524272
12581200
13580448
12879120
19815312
13342112
23200320
708480
40398176
37973920
23683840
38611360
37878656
22508256
33640096
22060288
23194528
22046112
34200128
22778304
38584992
37899296
22038048
31672288
21481376
21992096
20320384
31522240
20776832
33562784
22022208
20308192
19759808
20556544
23588640
20945632
19832544
20765824
22441568
34202720
20975680
31677632
20577568
22736544
22044800
32088224
22675296
40261920
