80040
134648
9972992
233208
16974160
16066368
10962616
17035096
408784
29608016
28160784
19039568
29008816
28280176
18229616
25850944
17830544
19183936
18288800
26106336
18845664
29836144
724384
52333536
50030976
33729920
50648224
50144576
32356448
45340512
31812288
33376160
31899136
46034336
32848512
50882368
50409120
32064352
43284384
31358368
31997696
29696192
43235520
30338080
45500928
32013696
29781824
28940768
30164768
34146112
30703520
29117408
30493216
32632032
46178432
30534816
43263808
30071040
33001376
32128384
43873696
33001696
52722496
