80040
133704
10496940
230528
17788720
16794056
11562160
17805168
403152
31004736
29457728
20159440
30207504
29397504
19229568
26851360
18782944
20052608
19172816
27196880
19832384
30961104
709184
54665696
52154880
35787424
52589408
51926080
34245888
47098880
33558048
34959136
33528832
47764544
34624416
52443008
51797184
33674880
44831616
32794720
33367008
31250240
44607872
31957472
46863424
33249952
31143520
30412032
31540992
35211392
31995104
30545344
31725248
33804928
47539712
32232768
44880288
31651808
34337088
33565344
45450784
34564768
54278336
