80040
136640
10856704
238040
18703864
17632952
12883152
18690664
418944
32763408
31045248
22584736
32193584
31061696
21541872
28550368
21063680
22573024
21534080
28890128
22245360
32745392
742176
57879616
55127680
40016032
56348160
55066112
38271552
50212736
37582112
39567136
37808672
50976128
39002912
56357248
55107936
37740160
47859296
36836288
37776608
35178432
47654432
35908512
50239104
37549824
35146624
34271776
35589440
39931904
36190272
34401344
35870240
38256096
50941856
36207328
47828448
35597248
38937408
37712160
48449792
38769280
57797280
