80040
130972
9341484
222560
15449456
14427472
9046072
15453592
381936
26256976
24626464
15243040
25459760
24672176
14484176
22197504
14088176
15325392
14506048
22322432
14999728
26370368
661088
45042624
42493152
26165504
43286208
42582304
24945920
37769568
24403968
25859552
24443488
38144192
25231296
43430112
42754304
24478496
35418944
23930016
24572480
22454560
35467136
22996960
37902592
24574016
22514592
21790432
22771488
26527328
23231744
21930880
23117952
25167840
38251360
23091744
35453472
22696288
25391840
24564480
35898656
25254400
45405760
