80040
135224
9779732
234936
16574304
15616744
10175240
16592016
412416
28742560
27230016
17572672
28027856
27278768
16764448
24807520
16362928
17600912
16765200
25088928
17342480
28831664
728192
50318944
47873856
30821696
48507008
47949024
29505376
43113440
28899008
30373408
28944512
43712032
29900032
48590304
48073664
29116064
40935200
28376864
28989152
26836992
40823488
27464768
43132448
28982208
26883488
26123872
27227616
30931744
27706176
26262080
27497056
29549952
43825952
27686528
40972416
27195616
29950816
29110784
41511776
29959232
50586592
