80040
133896
10007264
229496
16851168
15778360
10651320
16859408
398352
28957232
27299056
18254128
28306208
27322384
17322816
24734144
16938784
18253632
17315264
25123856
17934032
28946640
697312
50252512
47636384
31677600
48531584
47647200
30160864
42622016
29649024
31224832
29649184
43430912
30647392
48503392
47644960
29648608
40425184
28928064
29664512
27418976
40214624
27991040
42708896
29660704
27392000
26675520
27809280
31637280
28271072
26799200
27966176
30182048
43520672
28283200
40466080
27830624
30657440
29677472
41075872
30539200
50204256
