80040
137256
12129244
241928
21208856
20283456
15495256
21199112
432976
37867792
36468224
27671696
37224496
36486720
26736736
34023664
26333360
27722144
26754048
34354784
27381888
37923184
780448
68344640
65991104
49951712
66459616
66075456
48536032
61242688
47909088
49569856
47910976
61945856
48987072
66639840
66224576
48152128
59248672
47308640
48028000
45560512
58957632
46190528
61333472
48077664
45632192
44796064
46030976
50327712
46592640
44871872
46264960
48723936
61962464
46504992
59229472
45941760
49084768
48137472
59718048
49059232
68500096
