80040
137976
10911740
242968
19123248
18200464
14091448
19153368
432640
34010336
32628528
25233840
33568384
32631632
24267440
30360880
23920576
25225216
24287216
30711024
24857968
34083808
774816
60947232
58769504
45482880
59628032
58831872
43963104
54371808
43486464
45171776
43547136
55170784
44517408
59671136
58731392
43317856
52314624
42619520
43470656
41182912
52120960
41724320
54354368
43436384
41189024
40481984
41621376
45443616
42087232
40616512
41772064
43973632
55092384
42037312
52297760
41620032
44481120
43339840
52880320
44173856
61079072
