80040
134828
10049812
232920
17002248
16051232
11059064
17057512
407488
29409824
27884032
19031248
28869600
27997616
18178416
25511424
17802768
19184400
18248352
25732912
18770608
29627904
718304
51340480
48992032
33208608
49862432
49091840
31804384
44235040
31301056
33021600
31444992
44830528
32308448
50089184
49397600
31429728
42081120
30816608
31603648
29237728
42033632
29794720
44512192
31602912
29331968
28521088
29696672
33789216
30218880
28688736
30021216
32248928
45069152
29986688
42071744
29592992
32596800
31564800
42693440
32355424
52047488
