80040
136908
11039448
240688
19233848
18248688
13472224
19191256
428288
34175840
32661536
23979728
33496208
32604688
23010208
30238096
22602624
23929088
22995984
30601808
23646000
34067952
768096
61410016
58879200
43244992
59693248
58785376
41712288
54265536
41024128
42722240
41112544
54891520
42204352
59602816
58627136
41134720
52082176
40227520
41025504
38686080
51724096
39329472
54123008
40907360
38687072
37914912
39053184
43011936
39603232
37954048
39266976
41521728
54728256
39664896
52056256
39047424
42029248
41040960
52458272
41979232
60957824
