80040
132692
9661196
227672
16140776
15131296
9918608
16161928
397456
27771232
26230592
16995648
27102720
26318544
16177280
23799328
15787296
17091056
16219008
24110656
16791360
27975936
700512
48528736
46119808
29759296
46768384
46162592
28442112
41448960
27908032
29386784
28006816
42095584
28917888
47041856
46440992
28150048
39441248
27421568
28032288
25916736
39204032
26496160
41532416
27984160
25972704
25203520
26328128
30096512
26851360
25338688
26622528
28635776
42055360
26698720
39398880
26252384
29000832
28200736
39971584
29060160
49096416
