69368
118000
8046284
206560
13699472
13018640
8509592
13748696
366016
23919104
22917088
14815072
23338352
22953360
14242160
20946288
14014144
14876016
14261808
21262416
14655808
24081536
652448
42291264
40662816
26266208
40710592
40740864
25366496
36772032
25041984
25912960
24872736
37387424
25530528
40814976
40857056
25085632
35301600
24623040
24934912
23426592
35153408
23809504
36817888
25111136
23449728
22963200
23773280
26433344
24058880
23072672
23841472
25436832
37484192
24041248
35337120
23761856
25627360
25105216
35785568
25674080
42651968
