69368
115284
7482784
198392
12488128
11769448
7352080
12500776
345648
21522816
20359472
12618688
20806544
20397312
12083680
18448896
11834096
12636384
12077952
18690656
12450320
21511712
606048
37449792
35637536
22095008
35731008
35580192
21179104
31769632
20828576
21659744
20731424
32261696
21324736
35672544
35641504
20922976
30330304
20459392
20765536
19402496
30158464
19766848
31832256
20869504
19391360
18933888
19587072
22085504
19911008
18971360
19746912
21211648
32300448
19915456
30293632
19584224
21345152
20893824
30634848
21421184
37351744
