69368
116052
7785188
199072
13052408
12193200
7764560
13036952
345536
22376688
21041920
13325472
21828976
20987776
12618256
19021616
12294496
13248208
12590752
19247152
13047200
22329664
604000
38659264
36623424
23158368
37332288
36501536
22020352
32688640
21590336
22711360
21601056
33211840
22343936
37278912
36520800
21574144
30823840
21073568
21551840
19937504
30774432
20415360
32658720
21481056
19859648
19331296
20138848
22934880
20484704
19444480
20313152
21884864
33162912
20571680
30822016
20204800
22262688
21550464
31238240
22193536
38674624
