69368
115264
7975400
197592
13410376
12543256
7949184
13382784
343680
23070944
21790368
13701040
22538208
21767680
12993360
19726896
12697168
13674864
12995824
19941456
13427472
23065616
602656
40114496
38146112
23912640
38725600
38147776
22862976
34271808
22472352
23567840
22444512
34795392
23152448
38812416
38066816
22401920
32351360
21892736
22358816
20699520
32284160
21154400
34158368
22357824
20711744
20151520
20965888
23820448
21321504
20243936
21158656
22767744
34624864
21318848
32328736
20955008
23063104
22377152
32725024
23000512
40108992
