69368
114040
7818072
192968
12965464
12055864
7389792
12951448
331504
22061616
20656720
12581216
21500192
20580208
11866352
18537632
11510928
12529088
11837328
18749024
12311104
21975536
574176
37996736
35729248
21771808
36554912
35615936
20622208
31705408
20101728
21349216
20182464
32196320
20962912
36482336
35578400
20167904
29701408
19594592
20175936
18463296
29674784
18999968
31667968
20031296
18405024
17833952
18646112
21588992
19024192
17938432
18885856
20482464
32182304
19147904
29734240
18706720
20902432
20129920
30120928
20813120
37780608
