69368
115064
8112944
196976
13557824
12734064
8086488
13590344
340480
23284736
21963248
13780768
22643872
21974640
13125120
19901168
12810704
13841952
13142784
20136448
13604576
23339408
595136
40296864
38387840
23929216
38885152
38360928
22843104
34268352
22439200
23602464
22422368
34836064
23153568
38907680
38440672
22533536
32425312
22021504
22503200
20745664
32401088
21214592
34299040
22555488
20790880
20182176
21117312
24130976
21468000
20326912
21282752
22980544
34894112
21401824
32473824
21079136
23280768
22586112
32981344
23236896
40519168
