69368
115740
8229708
198344
13849040
13023168
8748728
13828336
342720
23783696
22483040
15038944
23189376
22449504
14325696
20509440
14007904
14990640
14309136
20721392
14759760
23719632
597248
41166496
39223616
26193248
39772864
39130560
25052832
35332224
24634272
25754528
24606880
35847136
25329024
39719296
39093760
24571584
33478464
24057248
24549504
22862912
33433312
23334528
35258304
24567296
22847616
22293728
23156704
26057728
23467264
22439168
23307232
24954432
35785344
23507808
33467648
23173568
25266176
24547040
33963232
25213856
41042784
