69368
115536
8267492
200528
13996120
13294416
8591672
13979016
352880
24437808
23336624
14926416
23660208
23336752
14372336
21398352
14067216
14948144
14370352
21625248
14804112
24438848
626752
43181056
41461376
26464896
41288640
41393536
25542880
37484192
25092736
25978240
25000128
38003360
25720512
41347072
41498880
25321216
35971040
24780672
25025152
23506272
35916160
23986048
37517920
25142752
23512576
22959040
23776320
26525408
24146592
23051584
23974848
25561664
38013920
24141632
35954080
23753184
25710240
25298624
36380960
25945184
43143968
