69368
117256
8161244
203176
13849512
12990160
8333136
13838832
356256
23984640
22662960
14365712
23462464
22676384
13640400
20615360
13304384
14384816
13645856
20920112
14157728
23990240
629824
42009632
39964672
25130816
40587136
39953920
23982656
35962240
23511232
24798304
23580864
36626272
24427040
40649344
39981984
23666016
34192960
23041120
23582304
21757952
34023968
22269536
35956352
23541856
21787520
21147648
22120736
25242304
22569216
21249760
22332128
24054272
36602080
22502240
34162432
22083872
24457792
23675488
34644160
24408704
42118656
