69368
114252
7053440
194488
11666184
10890240
6515960
11693560
334960
19871440
18639456
11082896
19305296
18650656
10532208
16766416
10271152
11106416
10544496
16980752
10921600
19926832
581376
34242656
32274080
19218272
32888032
32250848
18327168
28656320
17951712
18917632
17967232
29119040
18588640
32895744
32284928
18034880
27019424
17574208
17983296
16579136
26892320
16967904
28670720
17965024
16578080
16100352
16810176
19272320
17127680
16185376
16976896
18370016
29085088
17106976
27017760
16800160
18612896
18053312
27446176
18614048
34341568
