53360
89872
6883164
154608
11645288
11121168
7722888
11684584
268960
20088224
19261344
13262128
19686704
19298352
12775136
17841232
12544832
13305808
12787936
18009712
13121440
20089504
469504
34840736
33564096
23023776
33825632
33573280
22218016
30683360
21891648
22770368
21866368
31053728
22407488
33680256
33613920
22021792
29565152
21601312
21982624
20660672
29468832
21003488
30857056
21994496
20638752
20211488
20843584
23079872
21161056
20261856
21002784
22354752
31222976
21147040
29548832
20849664
22551168
22028992
29797120
22484928
34865760
