53360
88264
6625628
149968
11028168
10422952
6720600
11032688
257552
18740512
17832496
11316944
18277424
17876096
10835520
16252512
10628352
11404464
10865152
16489712
11199808
18790752
442976
32092928
30561376
19228736
30839552
30638464
18499968
27571072
18154432
19065504
18159232
27949664
18712768
30911328
30742080
18355840
26413440
17904160
18292576
16949952
26194592
17279552
27684576
18352800
17027712
16576352
17207072
19560672
17535424
16590272
17367424
18715616
28097920
17460512
26419872
17137888
18878784
18368352
26650464
18846688
32202784
