53360
88408
5768944
150576
9564560
9026240
5715744
9582448
258608
16238960
15370144
9644800
15817040
15364176
9216144
14020912
8983776
9691488
9236000
14099056
9518960
16260592
445664
27776864
26374944
16496512
26719424
26289536
15784960
23723648
15470368
16281888
15520320
23978368
15988576
26712064
26352864
15556384
22435840
15217536
15554816
14374304
22474944
14725152
23732832
15495744
14387392
13954496
14542432
16579936
14818944
14043136
14753600
15847872
23941376
14776128
22450304
14517216
16030048
15582432
22710432
16002784
27694176
