53360
88784
6243208
152680
10458584
9914288
6305840
10408760
264144
18015824
17084544
10802560
17351040
16995888
10337584
15662304
10057632
10653232
10272688
15750976
10617920
17833248
459456
31309344
29789408
18901280
29842976
29535584
18096672
26928000
17640704
18242656
17598688
27131200
18179744
29683072
29466208
17764992
25623008
17281024
17465760
16462176
25601632
16905824
26786112
17407648
16356384
15983808
16492768
18373664
16755840
16046688
16681184
17722176
27020800
16999648
25652736
16617472
17933376
17664416
25909952
18217152
30792928
