53360
89700
6336584
154736
10771264
10200032
6864592
10691784
268752
18656816
17736592
11911632
18131760
17640976
11392688
16341872
11141600
11777152
11360496
16458160
11689680
18482400
469440
32517856
31099264
20922880
31381120
30907200
20090208
28443200
19728448
20448320
19753248
28677472
20270176
31355360
30801952
19692000
27055104
19279840
19538944
18450016
26932544
18788256
28206592
19474720
18388160
17982432
18515712
20521600
18814912
18000000
18702336
19804480
28413760
18896768
27026944
18571904
20016768
19660448
27196896
20117024
32128864
