53360
89256
6606136
153600
11179544
10554240
7404984
11155216
267984
19356112
18400832
12827872
18882496
18397792
12318336
16918032
12107344
12834496
12312848
17169952
12664224
19251616
472096
33776320
32395424
22493824
32643296
32370272
21699072
29429664
21440736
22241408
21355168
30029888
21938688
32560256
32335840
21469952
28361120
21071808
21432288
20195328
28211200
20503776
29536032
21497376
20177088
19807040
20460608
22588608
20730592
19876064
20509216
21800288
30021280
20679456
28308736
20432640
22000096
21461440
28709440
21952288
33711072
