53360
91080
7458060
159728
12886808
12389672
8975688
12912296
283696
22757200
22002320
15809456
22329952
21997200
15314272
20611536
15028432
15828464
15326080
20743104
15695344
22795776
504928
40485408
39196576
28145056
39275584
39178656
27394016
36484928
26900576
27805664
26945088
36757568
27599872
39276032
39210400
27160928
35279392
26641088
26960512
25616608
35257728
26101792
36505248
26938880
25604544
25106784
25816224
28160192
26206688
25197504
26089184
27397536
36842336
26224416
35325824
25833280
27617632
27185440
35590560
27769760
40529056
