53360
88344
6268096
150864
10462840
9869264
6537184
10468248
260608
17942912
16999040
11168880
17474672
17000800
10662032
15514768
10430752
11159600
10657760
15701248
11003504
17905504
451232
31023712
29470496
19368320
29812672
29412992
18545408
26595520
18188000
19014880
18181312
26996608
18782080
29744928
29414336
18312736
25413824
17841504
18199968
16995488
25247072
17355648
26661952
18191200
16951520
16564448
17154272
19297984
17463296
16599168
17291872
18545920
27011328
17514400
25405024
17188640
18764416
18292608
25710176
18821472
30874176
