53360
88144
6366928
150232
10541984
9973184
6504816
10546280
259616
17947456
17053616
10994624
17458688
17076608
10533328
15571392
10269616
11024288
10528912
15692016
10866096
17986320
451072
30879488
29422400
18938080
29606784
29368384
18166176
26541280
17778816
18581440
17803360
26820960
18358528
29665280
29462432
17960928
25253888
17515232
17808928
16578880
25203520
16983680
26528672
17786752
16583808
16119936
16795232
18972800
17075136
16233504
16980384
18163584
26795296
17065248
25227104
16777248
18346848
17935136
25581504
18466432
30915520
