53360
88516
6621704
149776
11128144
10487880
7198936
11089888
255312
19000368
18008144
12374192
18624064
17950112
11806128
16529792
11533760
12312928
11780288
16626576
12115744
18902272
436864
32635680
31064608
21450816
31703648
30949824
20566624
28339488
20154656
21130688
20257952
28552256
20805664
31673440
30828672
20117952
26768320
19686464
20145312
18834784
26712128
19229568
28173728
20040096
18785984
18341440
18917184
21225280
19213216
18395680
19135936
20390240
28396288
19305120
26733952
18962016
20640896
20052960
26943072
20538688
32342400
