53360
86468
5265812
144808
8524936
7924240
4576904
8535560
245584
14245584
13296320
7564288
13780112
13321088
7142016
11856384
6936512
7573792
7149728
11977744
7423776
14284160
419040
24105152
22556384
12768160
23002560
22537888
12087680
19839680
11770784
12520448
11820608
20032256
12249696
23041952
22689440
11877440
18605376
11532224
11845120
10786688
18523424
11082784
19906496
11806528
10798400
10426240
10903104
12839936
11174592
10458016
11100992
12128864
20127712
11164512
18609056
10900640
12289280
11885472
18784160
12277056
24194752
