53360
88172
5638388
149056
9277912
8672920
5678480
9268736
253840
15553088
14618736
9492784
15112112
14590624
9006736
13171392
8799920
9443408
8983488
13377008
9309264
15519232
432928
26266144
24746880
16075712
25196864
24624000
15273280
22036288
14953088
15707648
14959808
22332768
15465024
25147200
24601440
14949568
20768320
14534624
14890176
13807936
20604192
14109600
21905824
14836896
13778528
13429664
13935712
15834400
14165984
13454720
14024608
15084000
22266496
14257184
20762720
13969600
15345248
14885440
20970624
15334592
26109120
