53360
89488
7209488
153184
12240640
11650608
8297896
12266056
265280
21117888
20243392
14290560
20782592
20304976
13755104
18747968
13511392
14351488
13760912
18954608
14135600
21197888
461376
36723360
35292672
24815264
35730848
35420256
24012960
32467328
23628896
24626016
23636096
32819392
24251424
35793152
35544480
23804224
31268832
23320928
23750784
22301440
31089888
22668000
32611872
23775872
22339328
21854176
22542336
25040480
22886784
21877056
22701504
24153504
32968800
22854272
31252800
22502976
24368160
23790880
31455456
24300320
36954912
