53360
88364
5787496
149736
9525840
8917616
5460160
9540184
256560
16043088
15136144
9158208
15655888
15085168
8664480
13615792
8472432
9149184
8685536
13831920
8999120
16053040
441152
27290464
25824544
15564960
26258400
25710816
14812352
22999744
14527904
15296960
14550528
23387424
15053408
26251648
25724576
14576960
21758272
14198528
14510656
13406272
21584736
13677632
22946176
14495392
13409440
13036032
13584992
15552448
13870912
13054496
13705184
14805152
23335744
13854720
21780000
13592192
15043456
14614944
22010304
15027232
27263616
