53360
87716
6161996
148144
10242096
9602904
5991024
10184176
253440
17412144
16443344
10174144
16863840
16403232
9676048
14871296
9467936
10135712
9658912
15123696
10008848
17249760
436992
29939584
28477408
17552896
28642752
28368288
16757792
25376832
16504416
17206976
16403840
25925664
16967840
28545376
28284640
16530400
24224128
16115136
16382560
15243360
24028640
15541728
25359968
16455904
15204864
14845664
15470080
17452288
15706848
14912640
15504128
16715744
25812960
15710432
24174432
15476288
16905152
16499840
24562208
16982304
29589280
