53360
87296
6689324
146328
11004048
10315720
6851024
10963480
247632
18415760
17383232
11407024
17902016
17299616
10793456
15725728
10510736
11267024
10741968
15942784
11155088
18251408
418944
30948320
29289920
19124000
29679488
29108288
18170720
26192512
17760864
18569600
17713088
26623776
18381312
29484672
28931104
17733216
24765696
17208160
17548736
16309280
24595008
16721280
26018976
17463648
16208512
15805312
16440960
18584320
16714848
15871744
16545280
17808576
26409120
16885984
24721696
16535488
18124736
17626176
25059136
18208224
30465952
