53360
88792
6165188
152080
10348864
9812248
6438424
10373160
263024
17801888
16979280
11073136
17341312
16944304
10590080
15524160
10356512
10988192
10555616
15697424
10884400
17784560
456064
30860256
29560736
19338272
29700672
29475360
18564000
26755904
18213600
18866336
18144064
27108448
18682304
29621504
29340896
18187584
25480256
17776992
18003552
16953568
25386208
17305280
26606784
17992192
16849440
16505024
17060320
18951040
17309408
16589184
17176544
18301216
26967200
17433184
25484416
17161760
18511424
18162560
25788096
18633216
30701536
