53360
90288
6995112
155856
11943000
11368040
8133664
11907344
271184
20699664
19789744
14092480
20251232
19770976
13567392
18376672
13292496
14010240
13505168
18564352
13895088
20584048
472320
36006720
34521824
24591328
34850048
34446624
23738208
31784960
23320320
24123968
23290624
32140928
23934304
34760320
34378080
23428000
30570848
22895264
23235840
22026592
30387488
22444320
31709568
23191520
21941152
21543584
22152480
24266720
22434112
21587840
22265024
23502752
32098816
22612416
30544672
22234048
23786144
23312448
30822976
23887264
35707840
