53360
89036
5882316
152208
9865464
9260560
5998840
9826968
262880
16868224
15946384
10274448
16420944
15890992
9799088
14488720
9589840
10230464
9774576
14681984
10091520
16770432
456032
29052736
27603648
17759360
27907392
27501632
17018656
24788320
16718080
17456608
16690560
25167264
17205088
27879776
27483776
16714400
23517920
16356544
16673504
15578912
23477472
15903008
24731520
16687616
15553888
15198944
15758304
17665120
15960192
15279616
15835776
16934304
25170944
16035456
23534176
15795680
17151552
16680000
23836416
17108576
28825152
