37352
60212
3955772
99760
6397104
5994440
3608640
6397648
167072
10539216
9957072
5922640
10292080
9990528
5652240
9057312
5500928
5980560
5677952
9138752
5871168
10632736
278848
17444192
16552128
9796288
16772064
16568224
9405024
14924928
9186976
9739264
9278336
15082912
9575296
16955488
16690624
9330656
14158336
9083520
9305216
8565728
14104544
8776096
14949088
9262048
8610816
8321664
8699488
10059488
8938336
8356384
8884192
9556160
15081824
8820448
14164832
8643552
9666624
9396096
14313664
9671872
17785824
