37352
62264
4749700
105024
7936536
7580088
5557888
7944656
176592
13349552
12763952
9360064
13135584
12748336
9040048
11912592
8875312
9380288
9049648
11937808
9232544
13344000
296032
22439424
21464992
15830560
21902880
21430656
15306944
19862080
15042816
15686496
15127936
19927968
15428672
21873664
21448224
15064384
18882848
14833280
15152512
14279936
18925152
14533568
19826272
15086656
14310624
13992704
14358784
15830656
14533216
14032832
14526496
15287072
19963808
14573056
18917024
14357248
15443168
15042592
19008448
15321504
22290304
