37352
60960
4056820
101712
6588520
6210112
3922032
6618784
171680
10935248
10399184
6460592
10715696
10434080
6170064
9473744
6039360
6514864
6192752
9591456
6388784
11025488
290592
18352000
17526112
10819776
17703392
17551424
10385088
15793856
10196256
10702720
10204736
16088704
10548352
17781120
17642592
10299360
15110208
10050656
10259328
9511360
15076736
9729632
15891392
10267744
9529568
9269504
9685408
10982336
9861408
9333376
9767488
10495200
16124672
9806176
15108288
9650784
10610560
10320832
15358752
10624640
18562176
