37352
60200
4087404
99216
6632032
6211776
3926384
6625104
164288
10918480
10274256
6433632
10644528
10278048
6129712
9350064
5967136
6458400
6135200
9431744
6344848
10884240
271872
17922368
16987584
10554400
17368576
16990944
10083104
15275040
9878560
10488064
9947264
15413312
10234944
17339744
16995264
9935936
14421568
9714880
9998912
9174272
14379392
9377184
15323328
9934816
9204320
8908512
9274048
10674880
9479744
8934176
9434720
10186432
15470368
9438432
14440160
9258976
10331456
9979424
14527712
10220064
17916192
