37352
60148
3595280
100144
5752504
5451000
3312840
5827280
167744
9485024
9036896
5470048
9238144
9069840
5234656
8209696
5127456
5457536
5227920
8316480
5397840
9640400
281184
15701792
15034464
9176448
15122944
15074656
8813248
13499264
8659872
8945024
8582048
13679104
8834208
15147904
15132576
8655040
12846272
8454976
8551712
8025248
12795648
8186400
13491136
8591008
8008928
7841888
8106656
9047392
8212128
7868608
8140960
8711424
13723392
8276320
12864512
8138272
8807872
8631392
13012896
8854752
16029376
