37352
61216
4238076
102808
6939368
6582888
4128208
6967528
172720
11516064
10961536
6797616
11276560
11001872
6518656
10094816
6372736
6842144
6536944
10215904
6750288
11612880
290112
19129248
18275296
11289216
18616288
18317088
10849312
16676352
10619136
11207552
10694528
16841120
11015200
18681568
18424480
10749952
15911296
10481056
10738784
9946816
15839616
10165024
16728704
10697088
9982304
9693344
10078400
11428992
10295008
9721824
10220448
10941824
16930176
10247488
15924704
10055680
11094528
10771072
16074240
11063392
19378048
