37352
61060
4325096
101880
7130032
6754976
4537152
7133384
171536
11945248
11411312
7585120
11730720
11442096
7289200
10493488
7160752
7661856
7317616
10601712
7511696
11977712
288320
20085472
19218528
12750464
19514432
19299008
12335328
17601536
12133504
12742848
12181184
17787712
12495296
19566272
19349376
12229920
16848864
11988000
12258912
11413248
16771520
11602048
17657600
12265728
11479552
11188672
11592224
13026880
11804928
11210400
11713216
12511648
17859456
11690464
16858272
11522784
12623840
12279424
16998720
12548736
20187040
