37352
60388
3875876
99784
6210120
5842008
3673664
6241792
166720
10178496
9667712
5968800
9996000
9703040
5673504
8752944
5549184
6023024
5695536
8839056
5871136
10314304
279808
16875296
16092032
9864672
16405888
16188416
9452736
14517536
9263360
9808288
9303232
14642080
9570112
16515744
16290912
9310240
13719264
9097920
9335424
8562400
13675488
8744416
14544128
9326752
8613760
8339520
8693600
10063040
8897600
8363520
8835776
9551104
14690464
8810432
13759136
8648608
9652064
9371104
13839616
9597344
17265888
