37352
60520
4082508
99648
6608208
6212896
4053560
6651664
166384
10871088
10372192
6732272
10796368
10461504
6414400
9427920
6312032
6812880
6448016
9561184
6630720
11094448
278432
18079552
17343808
11246816
17620256
17520192
10851776
15731488
10722208
11253888
10715392
16025312
11020832
17886592
17651616
10706816
14962496
10507712
10733344
9942432
14900384
10103712
15763520
10782080
10020864
9748608
10165216
11500064
10315552
9786304
10206880
10965984
15997728
10197696
14938304
10072864
11059680
10717504
15120608
10965664
18564256
