37352
60376
3848828
99808
6273608
5888992
3746560
6263184
165648
10427008
9842128
6287280
10129664
9781296
5982192
8935600
5834752
6221776
5960128
9049920
6170704
10349936
275616
17368608
16519680
10626688
16697184
16390080
10150752
14828672
9948128
10361376
9948672
15057600
10266912
16602016
16244000
9933120
14028000
9689536
9838336
9227744
13945120
9421216
14655936
9781952
9186016
8970304
9277280
10324032
9410688
8979200
9323712
9920576
14887616
9512224
14027296
9325408
10098112
9879360
14155136
10140384
17035584
