37352
61272
4776224
102712
7909016
7538296
5107704
7910120
174912
13356464
12870944
8642128
13122160
12872400
8317200
11893280
8170560
8632320
8312560
11994048
8517632
13398816
297856
22728896
21980000
14722400
21978240
22002976
14289056
20230112
14077728
14497600
14021312
20453376
14360960
22023872
22006016
14127776
19480960
13873984
13997504
13270048
19448896
13499104
20184416
14044256
13271488
13012896
13408896
14705440
13580416
13072512
13500384
14249472
20425376
13581568
19474048
13408992
14338688
14124320
19688576
14433376
22834656
