37352
59860
3729188
98712
5971128
5582384
3371904
5949504
164048
9776784
9188640
5500160
9467200
9160608
5233168
8298992
5109008
5481600
5224976
8396768
5403904
9719200
274272
16137344
15271552
9106016
15441760
15201152
8691776
13607904
8531136
8922912
8520192
13826240
8793632
15423648
15212032
8570880
12867136
8362816
8512512
7896864
12836896
8080832
13576288
8528256
7899456
7682496
8000640
9079936
8126528
7727552
8067968
8675296
13795872
8149216
12882208
8009120
8775392
8559232
13089568
8816352
16014112
