37352
59924
3770520
98216
6020672
5640544
3311696
6043576
161680
9797264
9209856
5376016
9567792
9241728
5105104
8305680
4972736
5398208
5109088
8378784
5283008
9836320
266464
16047616
15167296
8861344
15464832
15165504
8436128
13493120
8264704
8734496
8288416
13661216
8556736
15508832
15193504
8287232
12678144
8088704
8286368
7620480
12647936
7796864
13499936
8271168
7611616
7383200
7711776
8875840
7848800
7428352
7791520
8442944
13664928
7839744
12650112
7709440
8551008
8275520
12827424
8516416
16085184
