37352
58812
4130048
94848
6488024
6000768
3733240
6467920
153504
10413904
9674576
5909792
10045792
9624928
5533120
8542912
5378624
5886128
5522384
8656832
5749408
10286384
249888
16748064
15725408
9488608
16049216
15642784
8926144
13679296
8730752
9295616
8714848
13886528
9036800
15948576
15527872
8677056
12739456
8440256
8706592
7898880
12633728
8070976
13643520
8701408
7866048
7622848
7975584
9419296
8151936
7637440
8052448
8900640
13832480
8154336
12710688
7993472
9029376
8680832
12849600
8937920
16520224
