37352
61044
4116288
101728
6672168
6320520
3944824
6712576
170624
11014944
10515472
6485952
10789120
10551536
6195088
9577072
6081840
6514048
6215280
9705024
6405664
11132720
284576
18171072
17424480
10711104
17583040
17490944
10281504
15707808
10134368
10579104
10103136
15947360
10386080
17638240
17551808
10159968
15002112
9938592
10121088
9417792
14921632
9579200
15771520
10169088
9439168
9206752
9564192
10821376
9741888
9238752
9644320
10378848
16020160
9686912
15021056
9553216
10473664
10216384
15211424
10465568
18525824
