133400
220544
14985712
378808
24895424
23114760
13805672
24885296
660896
42707184
39935632
23471824
41273840
39913280
22145856
35579904
21522384
23494256
22156176
36063520
23062496
42726992
1163200
74262976
69842080
40793344
70614368
69650944
38656128
61289696
37768736
39901792
37720480
62362848
39200128
70701152
69764416
37937632
57537344
36846880
37668000
34429952
57353856
35362464
61147360
37707360
34475872
33354592
34993280
40824704
35749920
33544640
35413440
38614848
62196480
35707808
57583424
34955936
39153792
37976256
58418336
39265312
74285632
