133400
228024
17050872
401376
29626968
27976688
19562336
29613760
716896
52704848
50107776
34842832
51519648
50142704
33407392
45992176
32816192
34900176
33419776
46561248
34356240
52678688
1292192
94863328
90655456
62964608
91734464
90742528
60622784
82342272
59809120
62296608
59704704
83654272
61303776
91771072
90871520
59879136
78839744
58759040
59857216
56117824
78589056
57060896
82524640
60030560
56184096
54972864
56924032
63267296
57619424
55239168
57137920
60849472
83866816
57533856
78800320
56850112
61466240
59871488
79854112
61249856
94902208
