133400
226128
14709568
395872
25117912
23577600
15150608
25126072
703216
44156112
41691184
26552304
42911088
41663184
25257104
37739520
24633200
26503168
25230832
38189968
26113648
44095872
1260224
78557344
74583424
47414784
75387200
74422336
45261984
66615616
44318624
46483616
44305632
67554688
45767136
75285568
74515520
44509760
63128448
43435456
44281728
41040160
62995904
42003712
66622240
44277920
40986528
39876512
41476928
47207072
42225760
40054752
41910560
45125472
67695104
42351328
63179968
41556064
45715008
44499552
63928384
45777920
78412032
