133400
226592
15612392
397224
26685224
25081192
16494616
26689712
707648
46949648
44439936
28952576
45696544
44478320
27591904
40222560
27026688
28907856
27549008
40775664
28414192
46887200
1274752
83795616
79822400
51869728
80539968
79816480
49616608
71355136
48839104
50954304
48654880
72582080
50089760
80460032
79883456
48814144
67931936
47792864
48671936
45381184
67669696
46242624
71520256
48824992
45286240
44242048
45827488
51700704
46517728
44392448
46115200
49568256
72724992
46625760
67890368
45899232
50066816
48755168
68653472
49960160
83689600
