133400
230420
16965476
409656
29692288
28176896
19776296
29743656
736512
53136160
50713728
35465120
52047248
50755216
34026096
46735408
33411552
35453936
34030064
47206432
34941904
53256208
1333216
96050144
92039040
64446688
93273376
92116544
62103936
84190432
61145920
63732544
61198624
85116896
62738496
93350528
92190144
61123360
80411680
59998976
61152000
57441088
80170944
58388160
84128384
61124096
57453600
56232896
58013504
64391648
58775104
56396768
58371200
62028928
85217216
58837920
80379584
58047360
62712288
61081408
81209440
62404544
96198496
