133400
223652
14875560
388472
25107320
23454800
14783312
25059152
684672
43696752
41057360
25655072
42215088
40916416
24329088
36922560
23663120
25411472
24213712
37375632
25144672
43482720
1217248
77008672
72727392
45404288
73371392
72379872
43202336
64518336
42206240
44075296
42068352
65473440
43595136
73126336
72226976
42327200
60904864
41119168
41842368
38894528
60622976
39900576
64227424
41789920
38705856
37715584
39217536
44515680
39856096
37887744
39512192
42553920
65220096
40238336
60883328
39400736
43165792
42094400
61684992
43468864
76399744
