133400
225768
15396296
392904
26171848
24412616
16314312
26183864
692064
45576896
42755760
28323040
44442208
42783392
26842384
38699168
26235888
28380784
26860624
39286000
27838544
45641952
1227008
80043040
75497152
49869376
77300096
75483360
47407168
67564768
46565504
49261216
46666944
68718592
48227456
77379904
75666048
46629824
63996416
45458656
46767712
43116064
63627104
44026848
67689216
46676704
43147200
41993280
43782560
50178688
44612384
42173824
44145856
47632608
68808224
44493312
64000032
43754176
48410752
46717056
64941408
48115712
80413472
