133400
226700
14571184
396840
24793768
23252416
15066704
24842920
708896
43614640
41200944
26518880
42541504
41320464
25290272
37270784
24721824
26590064
25297280
37719744
26099280
43779952
1277120
77936224
74022272
47548576
74733728
73980032
45530592
66147968
44712544
46822944
44716448
67213088
46066976
74899040
74255808
44915904
62900800
43893376
44773568
41634944
62697792
42522880
66267712
44793472
41659424
40584064
42170688
47727552
42890432
40782464
42570976
45637248
67305952
42816704
62876992
42123040
46134688
44932960
63675488
46140928
78323200
