133400
225324
15977072
393064
27173528
25543200
16545296
27201928
693616
47450192
44791824
28756496
46181312
44887280
27445616
40703408
26811168
28869856
27485040
41132368
28385664
47611760
1233536
83587840
79314496
50797888
80456640
79369312
48620768
71118048
47691296
50119296
47760128
72090016
49251904
80658112
79691616
48005696
67501760
46846880
47868640
44331040
67240800
45289632
71314304
47891264
44399488
43173888
44926304
51173120
45765984
43339104
45404160
48863424
72272352
45630368
67496352
44833792
49396320
48050624
68310688
49379648
84060384
