133400
223708
14735120
389360
24802304
23192248
14122176
24814608
687280
43162656
40573136
24378704
41760448
40566048
23112944
36397040
22523088
24411040
23143760
36806432
23955888
43159680
1222880
76046720
71849088
42972800
72615008
71697216
40891072
63563776
40033088
42156352
40007264
64467264
41332608
72597536
71745344
40181952
59924096
39149216
40013888
36777856
59657472
37648288
63558976
40045504
36830592
35699776
37248160
43067904
38025792
35835648
37733920
40972480
64405248
37949312
59908544
37208416
41394400
40214176
60644768
41411808
75989280
