133400
232200
17674232
417208
31237944
29866848
21591016
31244512
760624
56648912
54517920
39147680
55271936
54478864
37853472
50597552
37282800
39084208
37815968
51209344
38746736
56596976
1400160
104073984
100698240
72158208
100313600
100496544
70052128
92459232
69254880
70971552
68796224
93897984
70418880
100196672
100455520
69315648
89412224
68212192
68682592
65479040
89236928
66450272
92294624
69020032
65407552
64344896
66218144
71730272
66764896
64650368
66253216
69694720
93735008
66996704
89409792
66317632
70189920
69170688
90527744
70586272
103730912
