133400
220684
14676592
379272
24394784
22634032
13895600
24393968
663344
41918384
39218320
23708736
40623040
39207552
22313120
34904448
21713168
23693568
22307696
35382560
23170048
41895088
1170656
73156800
68752256
41379200
69787136
68692288
39156928
60448224
38260064
40500992
38222176
61473600
39666560
69797280
68693248
38272032
56708896
37212512
38157088
34876512
56470208
35779936
60376768
38213792
34842432
33763072
35327136
41246336
36066496
33924960
35732992
39067040
61402816
36102656
56682656
35343872
39559136
38242656
57499104
39503232
72957376
