133400
221360
15025740
379776
25098296
23291776
14555712
25141184
662272
43190464
40403488
24969728
42027872
40458688
23562976
36102880
22981072
25017392
23585760
36680720
24505984
43308688
1163616
75311392
70799072
43641504
72156608
70807840
41378688
62413280
40563552
42888000
40510592
63694496
42048480
72234624
71068672
40673728
58824512
39594688
40584192
37169280
58620096
38085536
62590688
40657408
37181632
36080704
37837056
43785376
38524640
36327040
38107616
41515648
63814336
38505312
58864384
37822272
42144032
40698144
59925632
42054816
75651488
