133400
227244
17153060
399944
29589784
27991176
19665656
29542856
711680
52439760
49788208
34744832
50893248
49639456
33253264
45633280
32468576
34545376
33150384
46065520
34197568
52146672
1276256
93816896
89525408
62434816
90076224
89103488
59814400
80939936
58643456
60999488
58587328
82031296
60378432
89687136
88883104
58878400
77182464
57479232
58422944
54828736
77081152
56117600
80708416
58274496
54605664
53361344
55241504
61580160
56042048
53659168
55700736
59229344
81796000
56448352
77144352
55454688
60018048
58651232
78175872
60374688
92887616
