133400
218740
14388568
372752
23714864
21887128
13014008
23717904
645952
40475120
37612384
22076304
39100832
37598176
20738352
33242032
20120192
22066016
20720528
33726912
21604560
40418688
1131360
70137952
65533152
38392672
66763488
65408640
36200768
57078112
35282432
37525696
35305312
58031808
36736544
66678816
65505888
35466496
53382400
34362208
35337760
32110176
53094528
33028928
57131712
35291232
32093984
31018880
32538688
38327328
33267008
31171712
32962624
36167392
58097408
33337920
53384288
32565152
36722560
35413600
54149856
36697088
70014400
