133400
224432
15436552
390096
26193568
24517248
15520408
26197480
689136
45787024
43146480
27018416
44531344
43154112
25640400
38906640
25022128
26992080
25614608
39409456
26513376
45828256
1229408
81250432
77045664
48048416
77849344
76858304
45759776
68527520
44918816
47053696
44771456
69737792
46288640
77939872
76935008
44939104
64821568
43854528
44707712
41354176
64631168
42317120
68442304
44797312
41299840
40183360
41931456
47885568
42587168
40444224
42199712
45619488
69546880
42665440
64796288
41961568
46150592
44865376
65855872
46241792
81180000
