133400
227016
15805080
398264
27145320
25559296
17300296
27159872
709088
47884144
45446576
30546960
46709824
45463920
29156000
41247712
28567568
30561200
29158336
41818800
30074160
47945200
1276384
85622400
81855968
54898208
82498944
81809792
52644096
73490560
51838496
54097312
51743648
74756576
53258656
82582816
81858528
51885440
69935552
50798048
51706176
48238688
69695296
49140896
73427072
51829952
48255680
47091136
48899072
54883296
49583264
47295840
49135552
52614720
74716672
49596096
69940832
48882976
53212896
51849504
70856544
53162560
85701440
