133400
225924
16616216
393928
28368624
26636200
17949864
28390072
696576
49584176
46903936
31286128
48412976
46939776
29774720
42557008
29134864
31351056
29801152
43156048
30788640
49715168
1243328
87596864
83422048
55359968
84533792
83501280
52911680
74764288
52046368
54660416
52030336
76089152
53640128
84682240
83595904
52045280
70964352
50902656
52043616
48223968
70718592
49188000
74767296
52100288
48260544
47003168
48949760
55586912
49753280
47240064
49294176
53024128
76128128
49649280
70992704
48911264
53732384
52130880
71994176
53517920
88011520
