133400
223748
16428308
389712
27973232
26317976
17370232
28017232
688832
49195696
46480128
30416128
47777040
46527712
28994480
42201536
28288208
30456320
29003024
42597600
29962128
49254704
1228672
87524032
83133248
54308416
84052064
83073888
51911424
74503488
50895168
53406048
50896736
75451200
52470560
83997792
83197664
51167136
70745728
49931232
50992608
47244128
70521536
48288352
74649216
50978944
47248480
45964832
47796288
54418336
48651456
46180960
48307552
52032416
75577952
48632480
70704224
47798816
52597152
51161824
71650496
52626112
87587456
