133400
224428
14585876
390536
24750136
23025088
14794304
24739704
688448
43161952
40383344
25797808
41957632
40437712
24509664
36445968
23953232
25855424
24519680
36974096
25373632
43204544
1222400
76086976
71546176
45732320
73017952
71549024
43594432
63789024
42783488
45061280
42827168
64905344
44236256
73146592
71737984
42895168
60343200
41844832
42883008
39679680
60095200
40533408
63861696
42896224
39739904
38688512
40290656
45957536
40980512
38878144
40616384
43712992
64968128
40920928
60343552
40240352
44304064
42905408
61314912
44174432
76263008
