133400
224756
14514552
391528
24547984
22926864
14016920
24557208
693344
42818400
40286736
24356800
41517920
40333168
23091456
36101856
22531072
24371360
23091184
36629232
23948416
42830464
1238752
75773152
71656224
43142560
72329280
71605984
41108896
63310496
40310464
42370400
40207680
64427424
41609888
72370592
71793568
40470944
59906880
39454528
40231584
37067456
59639232
37900512
63386624
40358944
37074624
36026880
37603712
43211360
38302112
36172384
37909216
41158400
64520032
38303328
59850144
37604832
41641600
40446976
60595072
41619840
75836512
