133400
221128
14783592
380144
24806680
23094552
14378296
24779136
665856
43053984
40395024
24924352
41689584
40343232
23618000
36176464
23014416
24887888
23592240
36692176
24493584
42961808
1179456
75821696
71651168
44120928
72452128
71461568
42031232
63381952
41177024
43252416
41093536
64458880
42546560
72424608
71510816
41364672
59878080
40252032
41062336
37903168
59591328
38810208
63304128
41131584
37871328
36819360
38438848
44039808
39129632
37016000
38751808
41950656
64416960
39185344
59886080
38464928
42497056
41344576
60813920
42635744
75729952
