133400
225844
16829632
396368
28922008
27290688
18558272
28966072
706128
51185088
48587440
32691040
49838128
48581232
31251808
44348944
30563232
32784272
31304752
44864992
32312848
51246496
1270688
91750432
87573152
58782880
88442816
87547648
56415040
79147040
55351072
58005696
55436128
80172864
57102048
88463680
87712736
55761632
75498208
54432992
55556512
51692064
75175616
52777120
79224704
55555488
51776992
50423456
52326656
59195776
53344256
50582720
52943200
56705760
80321856
53203264
75559648
52272672
57353440
55879744
76308320
57357600
92114080
