133400
231144
15501016
411176
27074592
25566816
17344328
26982640
741088
48374176
45988880
30965904
47151632
45923792
29660352
42173808
29058656
30917408
29632096
42688768
30537312
48189088
1345280
87422176
83450976
56102272
84245248
83282944
53938176
75814048
53014176
55243008
53028320
76904800
54571776
84205056
83224224
53219744
72434432
52023200
52956192
49666688
72123808
50629216
75646112
52938048
49662112
48546112
50210432
55966912
50998784
48683840
50578784
53814176
76694560
51022432
72400320
50190048
54421152
53145376
73174144
54485056
86933952
