133400
220584
16658492
377336
27884344
25922904
17482096
27899112
655408
47930048
44906496
29977616
46671216
44959632
28297776
40253488
27661200
30039136
28322912
40886064
29365280
47990688
1148640
83401632
78514784
52241472
80219200
78644032
49585152
69621824
48665440
51551328
48651968
70806688
50328128
80254400
78711200
48548032
65601248
47328160
48721248
44655904
65165184
45575360
69698208
48789888
44721824
43464480
45379136
52424864
46168576
43628704
45674784
49688352
70952704
46088576
65585504
45324800
50414624
48571008
66572288
50021856
83477888
