133400
225820
14657800
395024
24962504
23450200
14645728
24981792
699952
43731712
41292064
25579888
42486640
41311920
24384672
37385824
23804032
25594224
24387328
37757936
25177328
43771392
1251936
77467424
73608352
45491072
74419840
73527712
43513952
65758080
42686176
44748416
42669120
66632864
43962176
74434784
73648256
42822112
62258368
41844224
42693056
39569344
62111776
40435840
65769696
42687648
39569632
38489760
40013728
45517760
40715648
38671264
40449920
43509472
66644512
40693888
62239520
39999808
43985120
42819776
62981216
43981024
77568896
