133400
221412
14687028
379200
24542944
22677680
14492608
24491808
660016
42129040
39303488
24890160
40904688
39262288
23410432
34912640
22832288
24780080
23351408
35571248
24296480
42040752
1156960
73274688
68653280
43396672
70113888
68623968
41092608
60343968
40240992
42569792
40175008
61537216
41687456
70127360
68495264
40124160
56719264
38964576
40072800
36772864
56141568
37598912
60289696
40052512
36675200
35696320
37229472
43122304
37928832
35788672
37443616
40850304
61425472
38085696
56710432
37319712
41524032
40066944
57432064
41319808
73150944
