133400
225020
14581400
391784
24762288
23066712
14355464
24759288
692080
43271712
40557840
25061680
42054464
40556448
23761696
36533376
23147024
25020016
23741536
37029520
24625200
43230192
1232448
76556128
72092992
44527424
73460864
71897952
42373664
64196192
41425888
43700032
41531104
65141472
42971296
73394080
72011968
41643808
60652320
40508064
41500128
38345760
60339744
39273760
64189888
41338304
38286880
37228032
38713536
44337440
39486016
37338912
39163232
42255072
65130784
39602176
60631552
38776352
42896000
41586784
61335328
42855136
76367168
