133400
223036
16125312
384912
27212232
25374440
16356304
27218848
675120
47147664
44372944
28196176
45900816
44384192
26695216
39828160
26061584
28256096
26696528
40478080
27701040
47153712
1194784
82905472
78500832
49547488
79462208
78449728
47187456
69561632
46296064
48750272
46164096
70987040
47841408
79455936
78393760
46340768
65732864
45151648
46190912
42475360
65441568
43452384
69467168
46297984
42504960
41294944
43209536
49674176
43995264
41516512
43504960
47195296
70856224
43927584
65711488
43153504
47864448
46352000
66692960
47758240
82840960
