133400
224732
14688712
392520
24965216
23297384
15057656
24902160
695216
43757056
41141232
26400992
42334560
41078848
25088160
37012864
24542544
26349088
25071536
37537968
25918720
43622400
1240736
77655200
73382144
47132416
74115552
73235296
44993600
65252192
44221472
46244000
44078560
66449216
45502848
74081248
73247744
44177728
61744608
43179680
44004224
40888288
61598528
41753824
65115648
44129440
40916640
39885504
41509728
46984960
42118144
40100832
41737856
44868160
66311808
42152288
61790848
41495520
45397248
44157504
62758048
45394720
77314720
