133400
222792
16160348
384536
27242896
25439136
16695400
27315664
672880
47155520
44339568
28715776
45989104
44466544
27206960
39868704
26615920
28880272
27272400
40486448
28226416
47375632
1189088
82831616
78173472
50327840
79688832
78362368
47882304
69421984
47035744
49759776
47032352
70668896
48610496
79827360
78591904
47113216
65648928
45969536
47234784
43311040
65262048
44214464
69690720
47318432
43407776
42158336
44045792
50890912
44875872
42339968
44407488
48294784
70859296
44653600
65606688
43926560
48886752
47186016
66572064
48549760
83166656
