133400
224080
14442060
386968
24247904
22540576
14351880
24303376
676400
41660640
38972784
24586896
40736816
39073280
23267056
35048384
22712496
24665296
23283328
35450080
24080448
41922080
1188384
72321568
67830816
42712032
69880416
67982528
40553312
60357824
39726560
42200512
39869504
61187712
41191968
70102304
68313920
39719008
56664448
38748160
39974528
36608704
56483104
37460416
60507520
39869888
36647904
35563680
37078944
42976256
37774720
35727680
37501056
40674240
61367648
37727328
56673696
37034272
41293984
39727616
57354528
40880256
72975104
