133400
228776
17178544
403952
29846624
28290480
19857200
29784104
723520
53173312
50747040
35296512
51777088
50632880
33825056
46548480
33172784
35121088
33749888
47099632
34748832
52932208
1306496
95933312
91962368
63796032
92220928
91618432
61375872
83457376
60389280
62458016
60131424
84681312
61845568
92011136
91442208
60447200
79894880
59186400
59915840
56475744
79648160
57535648
83188384
60032960
56348864
55186368
57038528
63066848
57727840
55411776
57249184
60819360
84362656
57986144
79846976
57147680
61420896
60248096
80756064
61702528
95114304
