133400
220572
16767872
377392
28080480
26141984
18511648
28072032
653984
48252112
45217056
31679856
47000224
45249424
30000592
40789808
29314432
31755536
29973424
41370384
31020720
48222640
1139104
83687328
78737792
54978432
80513568
78766624
52216992
70254880
51189696
54221568
51258496
71414976
52974944
80519456
78848512
51163968
66450688
49879360
51453408
47375296
66112000
48399968
70384416
51339520
47328832
46101440
47956512
55209504
48805184
46280256
48344032
52311232
71585152
48842752
66424960
47982112
53143200
51136608
67389792
52699296
83675616
