133400
229796
18756292
406456
32902608
31247936
23008040
32839448
729776
58999120
56371920
41311360
57755424
56271040
39642400
52092624
38909232
41158208
39585024
52594992
40651104
58756352
1320896
106659776
102498208
75059552
103664096
102329120
72308800
93996288
71213696
74007360
71228608
95084064
73019584
103405568
102115424
71267520
90084960
69860576
71161920
67093152
89765312
68243552
93936480
71023936
66976352
65627904
67591424
74610336
68491360
65813472
68049152
72048672
95016736
68701248
90074720
67730912
72892448
71178944
90953600
72792896
106303616
