133400
224324
15999084
390696
27115656
25402720
16727800
27137984
690672
47347984
44649600
29023808
46013776
44657024
27580976
40378256
26965264
29078928
27632880
40836016
28533680
47393888
1229152
83649952
79123680
51211104
80221504
79095904
48878368
70776896
47925856
50441280
47973888
71704256
49473216
80242624
79294528
48108416
67028640
46978400
48036704
44402144
66826752
45370208
70869920
48142848
44512064
43269440
45020960
51471456
45843872
43449280
45514144
49113216
71883840
45725568
67052992
44931040
49596224
48148384
67803712
49459616
83724864
