133400
224152
13676608
388888
23031352
21365960
12945648
23042384
684608
39946224
37349200
22433888
38767984
37327488
21224800
33355696
20704048
22447584
21231968
33840768
22014336
39940496
1214016
70274816
65951488
39627776
67135616
65826016
37665440
58198304
36898112
38898656
36883744
59170144
38175264
67070560
65812192
36933472
54678560
35956192
36873376
33919264
54382208
34716512
58103552
36862848
33951904
32964800
34389056
39602464
35055552
33101568
34743872
37631968
59086080
35040064
54688384
34363392
38165824
36939008
55380320
38037024
70142912
