133400
223812
15649000
389448
26556608
24909872
15798832
26562192
689072
46503344
43919584
27523920
45134496
43883200
26165872
39698240
25505376
27506848
26161712
40113760
27067184
46427888
1229120
82443808
78189312
48797408
78956032
78059584
46596960
69811744
45598560
47902208
45595296
70653888
47087552
78799392
78104736
45825440
66095872
44714400
45614368
42154368
65960768
43160928
69855584
45592704
42132896
40937184
42614848
48671808
43405504
41134208
43105568
46544736
70733792
43471168
66135680
42649920
47078592
45805856
66772608
47088640
82189024
