133400
221588
15056648
381064
25195928
23364880
14374728
25217744
665456
43437040
40628288
24662720
42167920
40645584
23252800
36190704
22665040
24685824
23260848
36853776
24214384
43533744
1172576
76011712
71467072
43214592
72691904
71434752
40941984
62888288
40083808
42397696
40033248
64166880
41599680
72784896
71529088
40210272
59230848
39041216
40020256
36628704
58778816
37531040
62835872
40097600
36648032
35543808
37231104
43256000
37992768
35682592
37529536
40955712
64137984
38000256
59256352
37217024
41588224
40195136
60185664
41585696
76173568
