133400
224132
15979104
390224
27171144
25485976
16084320
27132072
689456
47618320
44959936
28104400
46145712
44871920
26725328
40573520
26091024
28022304
26691488
41069488
27619568
47510944
1231072
84505376
80328000
50087552
80942208
80074912
47862016
71629280
46948832
49067776
46819488
72699424
48335808
80889184
80047616
47030496
67824096
45908608
46721344
43378176
67582656
44328704
71428704
46809184
43343872
42198272
43918304
49902848
44670176
42421760
44311424
47691232
72537760
44707936
67868224
43963904
48229792
47081184
68821472
48426528
84399424
