133400
223876
16511408
386656
27887440
26045072
16872384
27875080
676208
48294256
45369152
29031344
46984288
45351728
27451456
40867568
26753856
28991536
27414576
41427328
28443648
48221920
1192992
84696480
79865536
50889984
81349152
79756704
48286080
71092096
47226240
49928576
47252608
72245056
48974176
81260064
79798176
47346144
67109664
46018944
47231680
43407040
66773920
44500768
71017216
47184896
43360864
42121504
44027264
50661440
44775840
42361728
44340192
48100192
72254016
44932480
67115904
44069504
48859328
47228672
68227104
48810624
84315904
