133400
225032
15379672
393792
26201856
24629312
15313000
26193784
699520
46080064
43559504
26810208
44649504
43537232
25577952
39469936
24985216
26798480
25571968
39938160
26434032
46065136
1253312
82096864
78031104
47929408
78564448
77861120
45910592
69812384
45064576
46989536
44879392
70825856
46303872
78525120
77943296
45229184
66314752
44157248
44868224
41735808
66053856
42626048
69730560
44996704
41725632
40658048
42246464
47861664
42976192
40814816
42607744
45837088
70744000
42995072
66331392
42254112
46276160
45218592
67178048
46486368
82033408
