133400
218636
16466196
372856
27427920
25486656
16588136
27359536
646752
47188928
44203808
28421488
45629616
44060832
26821056
39476704
26128544
28265552
26755344
40030448
27799328
46984736
1133536
82351680
77572064
49727136
78440512
77310880
47175520
68424800
46145472
48453632
45977440
69582336
47703552
78266944
77156928
46140000
64344896
44857856
45799392
42240768
64079232
43287808
68108480
45882944
42151776
41012576
42766560
49173184
43505088
41191584
43075840
46740128
69381024
43775872
64442368
42893184
47417216
46046848
65397024
47601952
81764384
