133400
223100
14371472
386328
24111912
22408488
13766040
24074536
681104
41770784
39136176
23856432
40485616
39147296
22564832
34951872
21964384
23773424
22511088
35452736
23375888
41716800
1212384
73589120
69264448
42237984
70240192
69155616
40140992
61129504
39221920
41315040
39227776
62132640
40649280
70191456
69270016
39407392
57641792
38279392
39174784
36141120
57272128
37039360
61093568
39091360
36045312
35042176
36496288
41920992
37193568
35165056
36857152
39894624
62097760
37370944
57556992
36581664
40502848
39268288
58311360
40548000
73408256
