133400
223740
16744524
386744
28323912
26490504
17618392
28313712
678160
49172928
46314608
30438176
47913360
46299440
28815968
41798512
28151824
30469440
28840736
42388064
29869904
49124960
1198048
86382496
81688096
53478496
83098784
81639680
50841024
72912544
49853152
52660928
49914304
74095328
51621216
83027328
81677120
49922944
68963072
48665152
49948960
45978784
68629312
46997728
72926336
49954176
45997120
44706176
46661568
53554592
47515264
44918912
47047712
50927328
74231520
47476640
68991840
46649984
51687200
49980736
69993472
51469824
86210752
