133400
222140
14568304
382128
24286320
22533608
13705160
24307288
667488
41681536
38946240
23388064
40489696
39013056
22068368
34730112
21500880
23450048
22084016
35266560
22966256
41812816
1179136
72607808
68255264
40787712
69599744
68291584
38643584
60048672
37839712
40123648
37843168
61123040
39261984
69751840
68526592
37963808
56413824
36894880
37911840
34615840
56087520
35459008
60130816
37937376
34643328
33566464
35167296
41031360
35903520
33718656
35524672
38787552
61237216
35849472
56422176
35143392
39375584
37999648
57277696
39254784
73039712
