133400
221172
16244120
378928
27292648
25359312
16356920
27290264
660976
47136304
44187824
28213440
45870240
44135952
26574736
39569184
25906688
28104784
26532144
40266368
27628992
47086560
1164416
82544512
77851072
49529152
79215264
77691072
46926112
68889280
45952160
48511968
45893920
70263360
47677024
79106688
77629376
45972704
65004384
44643008
45764160
42078208
64544800
43083104
68771392
45757888
41976864
40831744
42674880
49169088
43511808
41000064
42962816
46690880
70145888
43642432
65035264
42785984
47524384
45976544
66043904
47504928
82513632
