133400
226484
15830840
397688
27092696
25502536
16554336
27098200
709968
47797408
45325056
29113536
46455920
45323296
27755840
41100624
27126704
29085264
27730976
41649248
28673360
47845328
1276032
85540320
81353888
52179584
81847488
81205152
49967584
73033600
48969120
51132064
48884288
74145952
50494144
81875584
81334976
49242720
69544384
47990304
48821600
45482464
69194048
46491648
72888544
48863200
45446336
44302400
46035616
51989760
46822816
44472992
46390464
49756896
74014016
46921728
69545920
46068256
50345536
49166880
70383936
50600896
85436128
