101384
163540
10835052
274232
17679008
16199024
10061280
17682840
467952
29871792
27571232
17001280
28926864
27528496
15933120
24376480
15450464
16966752
15923920
24720384
16628656
29900592
805696
51101920
47504704
29274400
48825792
47352032
27578144
41467168
26912768
28670048
26975680
42237824
28090752
48831616
47397888
26951840
38617824
26122272
26924064
24486688
38419968
25146720
41358592
26822624
24489088
23689248
24895584
29177280
25426560
23828256
25157728
27495264
42076736
25405344
38616160
24876160
28037024
26951552
39344832
27963648
51244032
