101384
168500
10940228
290016
18218096
16953864
10664280
18202912
506672
31318816
29355024
18247632
30268144
29359648
17254096
26144448
16848112
18229488
17239264
26539696
17861904
31309456
891808
54501312
51400512
31838816
51849696
51319424
30214368
45059712
29691520
31136224
29515136
45952864
30519040
51867744
51418784
29593920
42434432
28904288
29492192
27169792
42291616
27763168
45036608
29668704
27153280
26407584
27594304
31785888
28020832
26580896
27746016
30157792
45900128
28004192
42392384
27575232
30456096
29583232
43086528
30448672
54488608
