101384
172896
13812832
303496
23928256
22689368
16361968
23952688
539968
42418176
40446112
28946896
41593888
40490880
27790416
37328064
27263696
29113776
27850512
37671296
28608096
42478560
973760
76185792
73036672
52049856
74136448
73157888
50158336
66820736
49406016
51779232
49534496
67596800
50790976
74148064
73267200
49613056
63927680
48693632
49798400
46476064
63809824
47286592
67022720
49776000
46626368
45496544
47099968
52687040
47820064
45662080
47511808
50610496
67835232
47624000
63986848
46967776
51161760
49729888
64599392
50825792
76277632
