101384
177944
14308520
319880
25492080
24428896
18805832
25487912
580464
46207552
44466016
34104864
45421856
44421696
32946496
41746624
32355488
34021296
32922080
42074752
33722736
46164672
1058368
84237856
81319136
62400480
82243360
81202208
60438112
75926784
59470720
61656864
59733664
76583904
61097856
82188800
81116832
59769056
73261408
58597280
59588192
56633312
72986112
57596960
75758592
59293984
56578304
55518048
56946624
62071232
57766848
55604352
57477952
60203168
76396256
57889568
73209664
57000288
60895392
59662944
73746656
60936832
84035712
