101384
172388
11323536
301128
19396080
18192648
12594776
19374456
532656
34018656
32110368
22182592
33232416
32052672
21160112
29265024
20746208
22121056
21153104
29540640
21740736
33959104
947104
60228576
57061024
39505312
58185792
56911360
37859872
51664160
37238400
38932608
37322848
52203008
38282688
58177856
56837088
37110336
48895488
36369184
37193056
34857600
48708608
35473344
51470656
37105248
34837152
34060640
35134880
39302624
35654336
34153024
35437344
37697984
52025600
35690304
48904064
35164544
38134624
37103328
49329248
37937504
60035008
