101384
169120
11779036
289816
19772648
18429736
12993128
19819760
505488
34078368
32097872
22440608
33373216
32158464
21236608
28966112
20863488
22498816
21270608
29542032
21997792
34254304
889664
59412096
56420992
39251776
57543072
56556352
37367232
50446176
36927264
38907360
36870848
51611104
38020640
57684064
56749248
36728000
48039744
35927968
36927296
34188000
47700544
34753088
50571200
37035776
34261760
33445376
34839936
39568576
35374720
33592768
34930464
37580736
51762944
35209376
48053344
34782656
38185696
36838176
48883392
37828320
60155872
