101384
166432
11003244
281904
18200224
16807632
10507208
18196944
485344
30972960
28850000
17834752
30104352
28861312
16780352
25603792
16378240
17856160
16776640
26057808
17446784
30941984
843392
53397184
50093600
30822240
51204672
50084480
29154080
43882080
28638592
30344320
28562144
44819360
29615744
51197056
50074592
28553664
41189664
27806592
28591328
26112896
40891584
26674848
43898560
28658624
26109600
25350848
26550016
30890880
27031616
25469184
26692736
29205408
44812960
27017024
41162560
26563040
29671328
28570560
41853152
29468736
53400640
