101384
172052
11910624
301816
20502656
19254312
13690264
20432640
535648
36209744
34189792
24254448
35210512
34134320
23193520
31252608
22684000
24171936
23140192
31604000
23863264
36017408
959232
64619872
61420992
43619520
62316224
61263904
41841440
55563520
41120800
42960032
41173792
56382688
42361312
62204960
61211616
41178784
52910720
40282880
41135360
38536768
52767232
39296768
55505088
41053024
38507872
37656640
38996544
43399936
39513600
37855040
39213408
41696288
56328512
39585792
52875008
39017536
42260352
41104288
53663392
42189152
64224512
