101384
170392
12073540
295280
20503872
19225232
13008616
20509096
518784
35752176
33743888
22656672
34810160
33784896
21631216
30621824
21192352
22738704
21645216
31068400
22341392
35762368
919712
63026720
59868896
40154848
60652576
59888512
38471360
53615680
37870080
39648512
37785760
54596352
38939264
60657728
60016832
37946816
51050080
37130144
37928512
35283616
50870112
35971232
53764128
38018720
35309312
34463360
35823072
40407456
36346592
34651296
36011616
38645184
54742688
36298656
51075648
35796192
39098496
37988000
51916192
39024576
63117088
