101384
172128
13416584
301488
23138392
21923368
15179576
23135152
535488
40964576
39035664
26868960
39942576
39027040
25778240
35849392
25266112
26850544
25775920
36170848
26486432
40952320
958880
73358272
70258528
48398496
70827328
70119008
46596320
63952960
45845472
47636064
45812000
64618368
46958496
70816192
70146016
45912256
61074368
45008768
45748320
42993792
60876416
43765440
63882144
45717824
42985280
42024992
43343456
48296288
44008544
42142304
43764128
46527552
64480096
44017408
61104128
43362880
46918496
45950912
61632672
46974944
73370720
