101384
164704
11937300
278384
19596240
18107448
11320192
19639168
477280
33323888
30948416
19090144
32194672
30945792
17938656
27458176
17388304
19085792
17929968
27842368
18713264
33359904
826144
57360352
53566208
32963712
54624128
53415968
31070784
46793856
30252832
32178688
30285632
47596096
31553024
54593408
53543776
30427552
43791168
29469920
30277088
27560224
43649472
28391072
46799712
30205536
27509504
26607104
27933920
32860576
28569632
26775712
28309856
30991008
47616000
28659456
43808448
27994848
31530016
30405440
44553504
31577696
57340704
