101384
168444
10875176
290032
18194704
17026672
10996504
18213616
506720
31419600
29587408
19071152
30530912
29600640
18126608
26664112
17700336
19067696
18145056
26990208
18762112
31495456
895104
54985408
52191904
33740512
52770400
52093056
32188640
46399648
31624352
33163808
31624096
47221696
32642336
52837248
52200320
31684000
43880512
30946080
31568768
29253408
43783136
29888384
46359424
31567584
29288928
28473792
29719872
33718304
30216256
28662656
29967648
32191040
47130464
30132512
43861920
29679232
32615840
31713312
44629504
32657984
55162208
