101384
173032
12149428
305224
20933888
19852320
13522600
20928808
545760
37106608
35374224
23946624
36102432
35390816
22988432
32410064
22528352
23909792
22954512
32684624
23578688
37066624
987168
66629824
63945376
43250816
64160128
63899040
41630976
57861056
41006624
42522560
40885408
58633248
41941056
64124480
63941088
41056352
55287040
40297408
40886080
38429408
55300640
39155584
57925600
40964544
38355168
37528480
38771488
43121120
39285600
37728576
39074560
41582656
58635936
39349024
55259392
38818144
41908256
41013312
55955616
41988128
66577664
