101384
166460
11215868
283928
18465448
17166584
10675144
18515968
493072
31518768
29574208
18184544
30538416
29601584
17202464
26278016
16823760
18227168
17232672
26757312
17873696
31651552
866080
54674912
51680832
31704512
52145600
51685568
30161216
45285632
29674400
31149120
29531648
46281664
30547392
52262080
51822688
29673984
42787616
28937600
29556160
27241920
42521024
27794368
45371392
29705344
27271392
26530240
27688384
31889152
28214880
26630592
27887424
30305888
46337696
28127872
42811840
27665056
30655296
29758144
43458400
30623264
55098080
