101384
170092
12826692
294824
21799360
20527120
13879616
21804848
519904
38069888
36172720
24246144
37148352
36138304
23122784
32900768
22616240
24218688
23134048
33270176
23863456
38127648
922752
67386112
64247040
43046624
64849888
64184576
41310848
57967168
40522240
42331680
40514368
58709408
41743168
64927648
64181664
40673888
55068416
39731936
40434176
37707328
54873632
38504576
57857824
40416224
37712544
36756352
38099328
42961856
38759392
36866432
38476000
41207904
58581248
38809536
55111840
38118816
41654688
40663360
55590080
41719840
67477472
