101384
168848
11316780
291672
18943256
17769240
11371384
18954712
512096
32811600
30950784
19617808
31782768
30932800
18670128
27919760
18229760
19613584
18682016
28190096
19284048
32843456
905184
57544224
54508480
34531200
54912800
54297088
32961344
48548896
32317824
33815328
32305504
49145408
33282944
54918144
54374720
32386432
45879072
31626144
32212608
29919712
45780960
30583584
48433760
32225568
29943904
29120000
30249120
34443776
30814848
29243680
30626080
32897184
49025760
30791392
45910176
30240000
33224576
32414240
46426208
33296416
57499968
