101384
170232
12116524
295392
20609816
19355968
13601296
20598776
518960
35842496
33978784
23750736
35010080
33998768
22654576
30934528
22228784
23765824
22662192
31304848
23310080
35920864
924096
63350688
60397152
42198112
61227168
60516032
40468608
54504672
39886784
41749408
39857504
55288096
40908832
61285440
60549792
39665120
51726016
38969920
39840032
37142688
51657344
37790176
54446944
39931904
37177856
36327040
37596768
42188960
38040192
36495840
37789632
40408512
55421568
38120032
51772864
37635712
40901184
39652704
52384224
40549280
63316768
