101384
167880
11814904
287416
19740744
18332416
11951528
19699512
497904
33871520
31604672
20489568
32847712
31559264
19345856
28307968
18827648
20389712
19302912
28647840
20025328
33743424
871360
58675232
55201120
35720544
56360768
55031168
33822080
48749952
33134304
35007360
33196992
49502208
34315584
56243456
55026528
33060640
45710144
32223840
33116320
30473376
45567936
31189056
48666464
32979168
30428096
29543424
30779296
35442464
31348896
29674784
31119744
33636768
49443200
31432672
45687328
30836352
34216800
33021408
46292832
34025152
58475552
