101384
168000
11969716
289008
19921904
18647984
12013864
20005560
506304
34319616
32391088
20582096
33363168
32534304
19529264
29037888
19097136
20688256
19561696
29476528
20260400
34647056
891648
59975168
56810720
36055872
57389120
56889440
34356480
50459744
33683328
35443168
33685952
51178016
34783328
57691552
57151008
33864288
47792480
32951360
33678848
31076480
47363360
31701376
50485312
33757440
31126112
30247776
31484352
36348704
32158784
30280576
31822944
34511520
51157536
32016256
47728928
31413536
34842176
33898208
48200736
34840704
60770432
