101384
166468
11657764
283752
19361512
17989632
11411640
19344080
489616
33182768
30958480
19513920
32079424
30938976
18470192
27677744
17967088
19476000
18438432
28004720
19142800
33096128
851360
57370368
53831840
33981152
54835040
53690112
32237056
47430272
31481856
33272960
31539648
48106976
32670368
54740320
53743424
31612896
44526912
30730400
31530528
29014368
44365984
29750880
47409152
31444480
28975904
28144928
29318368
33786880
29875968
28256032
29640480
32097440
48138848
29996576
44540448
29362848
32603488
31548160
45157088
32599296
57106784
