101384
168528
11386664
289752
18944208
17722104
11586032
18982096
502608
32443184
30498192
19735296
31432560
30437312
18753520
27555264
18352304
19732992
18742896
27904944
19344560
32482240
880448
56232896
53175360
34345952
53764704
52943264
32673984
47284736
32134560
33614784
31992608
48091264
32973248
53720832
52971840
31969152
44741216
31282944
31987296
29735328
44685216
30372512
47195072
32052032
29661504
28978304
30070912
34186272
30493184
29157280
30260032
32516320
48017024
30592544
44763424
30126272
32900608
31946016
45415424
32827200
55992768
