101384
167436
10774084
286552
17872992
16607904
10292392
17900136
498144
30622464
28710144
17642096
29716848
28668608
16699744
25600944
16303120
17659616
16726128
25982432
17334384
30749056
872000
53138112
50011712
30802368
50825984
49993568
29336192
44176288
28721632
30274752
28749024
44818592
29713952
50961536
50086368
28803040
41543712
28043424
28711232
26471328
41254592
27051360
44088832
28719040
26510016
25750944
26786528
30894336
27368448
25798016
27123936
29342144
44824032
27325920
41611616
26777536
29731296
28866368
42014144
29719136
53487936
