101384
172432
13375932
302944
23010968
21884976
14985912
23017808
538560
40605264
38833456
26313104
39556976
38803344
25285392
35687728
24768496
26351104
25317392
35968768
25988768
40697408
965184
72396352
69574208
46982432
69786016
69510656
45326688
63311392
44548416
46316800
44541312
63967200
45674112
69936448
69601920
44708832
60441856
43855520
44509792
41757152
60396000
42574368
63190816
44561952
41810976
40795136
42194720
47158528
42874496
40985344
42675552
45381536
63834304
42765952
60517312
42128384
45682720
44803648
61114176
45840448
72660576
