101384
166260
12152548
281840
20143768
18715664
12006440
20168456
486816
34347616
32230496
20449216
33535552
32297360
19311456
28831584
18838864
20517808
19350400
29243136
20059328
34553712
848224
59369344
56059808
35372704
57035168
56140512
33650144
49598368
33006912
34907648
33022720
50557920
34203712
57275072
56347200
33090688
46714080
32234976
33045024
30257824
46541184
30989472
49603328
33100672
30356960
29403808
30833408
35706144
31424544
29602528
31135424
33803200
50560512
31275456
46664288
30745280
34272288
33120480
47544064
34232256
59895200
