101384
170176
11405936
293440
19254048
17956728
11792624
19238320
511312
33235936
31179952
20333568
32377040
31123040
19237568
28126032
18741360
20261856
19214976
28519168
19945056
33158576
900384
57930816
54756512
35592736
55939296
54655008
33809600
48765632
33104256
34974144
33154976
49596864
34343552
55799456
54610144
33124736
45954400
32271296
33102048
30485824
45787008
31208640
48662912
32996992
30436608
29588544
30897600
35355200
31432064
29758368
31135168
33640224
49566400
31509472
45927200
30955136
34261376
33085632
46693792
34140448
57807456
