80040
130112
8540432
220112
13940984
12957504
8129168
13993424
377328
23551152
22015488
13619344
22790944
22080688
12886624
19627168
12567232
13712544
12920384
19831680
13374416
23713312
650912
40069920
37695008
23192160
38338144
37820736
22024032
33098176
21614112
22901504
21563104
33568256
22266304
38423712
38023776
21624864
31093856
21127616
21724480
19804608
31021696
20237312
33326336
21798784
19855680
19239520
20093696
23566144
20513856
19328288
20366656
22306112
33766304
20390720
31138112
20043168
22512128
21720416
31494112
22324544
40643072
