80040
134804
8537428
234032
14413848
13530856
8329248
14378080
411584
24965776
23604256
14366960
24211712
23559408
13690864
21375296
13385248
14329360
13677760
21674048
14138208
24875568
728384
43740224
41541088
25181760
41848480
41395360
24112288
37174176
23643840
24696512
23590240
37718464
24342528
41818112
41416288
23739584
35329056
23171456
23566272
21921792
35161568
22401152
37112704
23626240
21937504
21371648
22201760
25112928
22576544
21452800
22386304
24050048
37727904
22621504
35361728
22218880
24316256
23730304
35755264
24380224
43587328
