80040
135696
9313708
236968
15933352
15074448
9843880
15908408
418528
27993120
26587984
17249232
27226128
26583952
16565504
24368448
16213552
17292832
16580160
24572928
17047664
27955456
745792
49786112
47522016
30812192
47905536
47403008
29648128
43026560
29153696
30388736
29180768
43543936
29968608
47929696
47550336
29338304
41068800
28751104
29234432
27360000
40997824
27897760
43078112
29227744
27383936
26702976
27665056
30995968
28130208
26821952
27963328
29785920
43515424
28040224
41053856
27619264
30040224
29376640
41501056
30091424
49733824
