80040
134432
8562192
232328
14372328
13485656
8434792
14408888
408496
24910672
23517872
14562352
24274192
23564224
13850432
21302208
13547152
14570096
13841088
21608480
14309648
24902192
722240
43627872
41380832
25586560
41954944
41438464
24421312
37015968
23986848
25119296
23903968
37692672
24687872
41823904
41508352
24088160
35289760
23499744
23992160
22256128
35162304
22759968
37192096
24047488
22242432
21680640
22586496
25561760
22936672
21819104
22723616
24453920
37896512
22970592
35307136
22602272
24769792
24068512
35885440
24781280
43647744
