80040
132592
8786280
226600
14577552
13585136
8495632
14552224
391840
24803456
23273040
14407120
24067760
23245184
13636416
20876688
13284144
14376464
13630416
21122784
14120832
24771552
684064
42776160
40332640
24880256
40917248
40290112
23655328
35708256
23166208
24424320
23187232
36300000
23983712
40943872
40248448
23181952
33570016
22587648
23135168
21301376
33466400
21817184
35642016
23104544
21284896
20659584
21561216
24811488
21982464
20769280
21812576
23601376
36218240
21986048
33582176
21573024
23923296
23196448
34052672
23895840
42634336
