80040
134184
9260716
231920
15526800
14577536
9513984
15533840
405552
26755440
25251280
16319936
25990848
25160864
15475408
22876928
15061776
16192464
15422112
23060800
15963488
26665696
713952
46746272
44237632
28532000
44772800
43967040
27154368
39622208
26519040
27801408
26530752
40025952
27428736
44581216
43812032
26528416
37303136
25834112
26360416
24465856
37257248
25102144
39383168
26231840
24355744
23700448
24606752
27992960
25040160
23798272
24886944
26761824
39785472
25257280
37280032
24719488
27153472
26401440
37612672
27190048
46244576
