80040
133360
8211816
229024
13682336
12725864
7979408
13653384
399008
23458704
21984896
13669984
22744000
21974480
12945488
19653408
12657680
13670928
12954960
19906672
13383904
23454416
700256
40781376
38413728
23845536
38924032
38334688
22658496
33866944
22276640
23393728
22238240
34442208
22939136
38965536
38444032
22232448
31871200
21722720
22215168
20510144
31792096
20956480
33835712
22271008
20529952
19960000
20786400
23882048
21156544
20060224
20991040
22674688
34419232
21121696
31856864
20770112
22929952
22242144
32308384
22874144
40800864
