80040
134592
10017240
232520
17055968
16048160
11104936
17022240
407088
29746416
28163648
19415952
29034384
28118592
18510944
25657648
18135728
19372464
18502000
25936064
19049728
29639408
718848
52411200
49961152
34445664
50812032
49830976
32943488
45086048
32454304
33992160
32498816
45673344
33351552
50725248
49847136
32384096
42839776
31765920
32502016
30341728
42689344
30858912
45146528
32414176
30282528
29587776
30611776
34418656
31103488
29688256
30871744
33001280
45668640
31060736
42837120
30640768
33411296
32458752
43269664
33176256
52384064
