80040
133088
8768880
227800
14607208
13603208
8425824
14603640
394720
24962256
23408400
14307840
24229936
23420016
13553760
20996960
13241136
14333104
13563312
21311072
14046112
24910464
690144
43091360
40713792
24735808
41377280
40731520
23527584
36036320
23125920
24364800
23064064
36700480
23825312
41341536
40776032
23131168
33999072
22604032
23134624
21248320
33891136
21709728
36107616
23228352
21294592
20677664
21618848
24854528
21957280
20803264
21755072
23640544
36783904
21915840
34005600
21572352
23911840
23126688
34493920
23778528
43066720
