80040
134560
8037228
232984
13536016
12726320
8549248
13573472
409824
23427680
22250016
14809232
22868624
22279904
14168272
20164784
13936304
14842624
14190736
20469488
14582768
23557152
727072
41085696
39311456
26084832
39530240
39298560
25082784
35240064
24809120
25701888
24668672
35911712
25300448
39639648
39377632
24711392
33630240
24302528
24627104
23116864
33505216
23460512
35227776
24763872
23161216
22665888
23457376
26155648
23768832
22760096
23560288
25123936
35835712
23668160
33637728
23410272
25310336
24764192
34041472
25281856
41435520
