80040
133152
8464656
228752
14147600
13180152
8236336
14096184
398032
24313936
22804416
14182544
23553376
22750880
13445632
20507888
13104960
14090800
13410976
20754832
13887904
24162720
696864
42136544
39769632
24750848
40291168
39635040
23588128
35323808
23104512
24194688
23068832
35848480
23834496
40194176
39578048
23100992
33270016
22550016
22970688
21315136
33201088
21813280
35197984
22983648
21283584
20721376
21538624
24479904
21899328
20814592
21738432
23396992
35789632
21989696
33263616
21580160
23695744
23049440
33694144
23712928
41791584
